0 0.8657127870000001 0.271708859 0.5857743535 0.27264151 0.5857743535 0.279636398 0.8665058135 0.279170072 0.8657127870000001 0.271708859
0 0.140580238 0.08975442 0.1401172665 0.15385889449999998 0.153825176 0.1539073845 0.153825176 0.089983492 0.140580238 0.08975442
0 0.1402990905 0.0893241265 0.8665058135 0.08888325799999999 0.86729884 0.08095571800000001 0.140341165 0.081335376 0.1402990905 0.0893241265
0 0.312833231 0.15342961 0.14012656999999998 0.1535297605 0.140388753 0.1620092155 0.31204020450000003 0.1618234755 0.312833231 0.15342961
0 0.4908961885 0.3009246155 0.1411263285 0.30097779 0.14135429149999998 0.309422956 0.4906682255 0.30789523 0.4908961885 0.3009246155
0 0.6178301884999999 0.46314498200000004 0.624823897 0.4715148465 0.772169778 0.4705227365 0.771607389 0.4622551565 0.6178301884999999 0.46314498200000004
0 0.531925613 0.512706072 0.5456466729999999 0.516631257 0.6243807299999999 0.4708316445 0.616871437 0.4631041495 0.531925613 0.512706072
0 0.5456466729999999 0.5164131909999999 0.531690286 0.5127196825 0.532080199 0.626024166 0.544536522 0.626024166 0.5456466729999999 0.5164131909999999
0 0.4537419305 0.456991466 0.4441059075 0.462657765 0.530666359 0.5131295005 0.5399373465 0.507241723 0.4537419305 0.456991466
0 0.3675665935 0.3083529375 0.360633604 0.30846395 0.36152144049999996 0.377787951 0.3685334655 0.377787951 0.3675665935 0.3083529375
0 0.49179062900000003 0.37861845749999995 0.140501508 0.37831424249999995 0.14035456999999998 0.3825875945 0.491401073 0.3822836145 0.49179062900000003 0.37861845749999995
0 0.346897387 0.5087511514999999 0.1411203515 0.5089364565 0.1411203515 0.5176457554999999 0.3472125115 0.515978018 0.346897387 0.5087511514999999
0 0.41727745850000003 0.6676201745 0.140358142 0.6673995265 0.139607684 0.6762254169999999 0.41727745850000003 0.6757841235 0.41727745850000003 0.6676201745
0 0.563397018 0.7248275630000001 0.393868254 0.7253097199999999 0.393111501 0.7339750105 0.56312949 0.7341091325 0.563397018 0.7248275630000001
0 0.164115824 0.688900144 0.17519740150000002 0.694547632 0.1995768705 0.6815149675 0.18800278 0.6758674794999999 0.164115824 0.688900144
0 0.86607543 0.6258561055 0.5218569734999999 0.626008228 0.521539764 0.634215562 0.8667098525 0.6344365015 0.86607543 0.6258561055
0 0.866972769 0.819966647 0.549606936 0.8200952225 0.5490653569999999 0.8293307489999999 0.866683206 0.8286505915 0.866972769 0.819966647
0 0.86075 0.18025 0.01475 0.18275
0 0.3055 0.12125 0.0145 0.0645
0 0.4145 0.12125 0.0155 0.06425
0 0.59175 0.12125 0.0155 0.065
0 0.48325 0.1575 0.2325 0.00875
0 0.148 0.2315 0.01625 0.13975
0 0.4335 0.193 0.0145 0.06225
0 0.513 0.22725 0.17425 0.00475
0 0.4335 0.265 0.01575 0.07025
0 0.59275 0.21075 0.01325 0.028
0 0.5925 0.2515 0.013 0.04325
0 0.483 0.343 0.0125 0.07
0 0.45825 0.41425 0.01325 0.0635
0 0.14775 0.44575 0.0155 0.126
0 0.14825 0.5925 0.01575 0.14975
0 0.34748547949999997 0.51610842 0.467073943 0.44876299799999997 0.4521814265 0.44500987350000004 0.34474255249999997 0.50818747 0.34748547949999997 0.51610842
0 0.2205 0.34375 0.015 0.06875
0 0.76625 0.3705 0.01225 0.1825
0 0.7665 0.51225 0.01325 0.08275
0 0.814 0.5575 0.10675 0.007
0 0.86075 0.5935 0.013 0.06425
0 0.763 0.59375 0.006 0.065
0 0.86075 0.72725 0.01275 0.1855
0 0.5565 0.77725 0.0155 0.0865
0 0.55625 0.6795 0.0145 0.09
0 0.41425 0.63 0.023 0.00825
0 0.40925 0.62175 0.0125 0.008
0 0.41025 0.636 0.01325 0.00325
0 0.37429808000000003 0.529243625 0.3862666375 0.5269455329999999 0.370878492 0.503533722 0.3603754725 0.5089916905 0.37429808000000003 0.529243625
0 0.39022781149999997 0.7334293655 0.3731534495 0.777137858 0.3850639165 0.7841395895000001 0.40571949549999997 0.734036674 0.39022781149999997 0.7334293655
0 0.3731869575 0.7756457 0.224861492 0.7759228215 0.2244667835 0.7841480125000001 0.38454752600000003 0.7841480125000001 0.3731869575 0.7756457