0 0.4892116185 0.891262136 0.4892116185 0.122330097 0.479253112 0.122330097 0.479253112 0.891262136 0.4892116185 0.891262136
0 0.4892116185 0.891262136 0.4892116185 0.8679611650000001 0.039004149499999995 0.8679611650000001 0.039004149499999995 0.891262136 0.4892116185 0.891262136
0 0.048962655499999994 0.891262136 0.048962655499999994 0.1213592235 0.039004149499999995 0.1213592235 0.039004149499999995 0.891262136 0.048962655499999994 0.891262136
0 0.48879668049999997 0.145631068 0.4892116185 0.122330097 0.039004149499999995 0.1213592235 0.0385892115 0.144660194 0.48879668049999997 0.145631068
0 0.337759336 0.891262136 0.343153527 0.891262136 0.343153527 0.5446601940000001 0.337759336 0.5446601940000001 0.337759336 0.891262136
0 0.4892116185 0.5572815535 0.4892116185 0.5446601940000001 0.337759336 0.5446601940000001 0.337759336 0.5572815535 0.4892116185 0.5572815535
0 0.2406639005 0.6378640775 0.2506224065 0.6378640775 0.2506224065 0.5252427185 0.2406639005 0.5252427185 0.2406639005 0.6378640775
0 0.343153527 0.6378640775 0.343153527 0.6145631069999999 0.2406639005 0.6145631069999999 0.2406639005 0.6378640775 0.343153527 0.6378640775
0 0.318672199 0.6242718445000001 0.33817427400000005 0.6242718445000001 0.33817427400000005 0.5436893205 0.318672199 0.5436893205 0.318672199 0.6242718445000001
0 0.2406639005 0.7524271844999999 0.244813278 0.7524271844999999 0.244813278 0.6378640775 0.2406639005 0.6378640775 0.2406639005 0.7524271844999999
0 0.309958506 0.7524271844999999 0.309958506 0.7427184465000001 0.2406639005 0.7427184465000001 0.2406639005 0.7524271844999999 0.309958506 0.7524271844999999
0 0.309958506 0.7524271844999999 0.309958506 0.6145631069999999 0.30788381750000005 0.6145631069999999 0.30788381750000005 0.7524271844999999 0.309958506 0.7524271844999999
0 0.1784232365 0.891262136 0.182572614 0.891262136 0.182572614 0.786407767 0.1784232365 0.786407767 0.1784232365 0.891262136
0 0.1800829875 0.5330097085 0.18423236499999998 0.5330097085 0.18423236499999998 0.49805825249999996 0.1800829875 0.49805825249999996 0.1800829875 0.5330097085
0 0.18423236499999998 0.5330097085 0.18423236499999998 0.5233009710000001 0.158921162 0.5233009710000001 0.158921162 0.5330097085 0.18423236499999998 0.5330097085
0 0.1626556015 0.704854369 0.1626556015 0.522330097 0.158506224 0.522330097 0.158506224 0.704854369 0.1626556015 0.704854369
0 0.18381742750000002 0.704854369 0.18381742750000002 0.6951456309999999 0.158506224 0.6951456309999999 0.158506224 0.704854369 0.18381742750000002 0.704854369
0 0.5282157675 0.8932038834999999 0.5282157675 0.126213592 0.519087137 0.126213592 0.519087137 0.8932038834999999 0.5282157675 0.8932038834999999
0 0.9647302905 0.8932038834999999 0.9647302905 0.8718446599999999 0.519087137 0.8718446599999999 0.519087137 0.8932038834999999 0.9647302905 0.8932038834999999
0 0.9647302905 0.8932038834999999 0.9647302905 0.1252427185 0.95560166 0.1252427185 0.95560166 0.8932038834999999 0.9647302905 0.8932038834999999
0 0.519087137 0.14757281549999998 0.9647302905 0.1466019415 0.9647302905 0.1252427185 0.519087137 0.1252427185 0.519087137 0.14757281549999998
0 0.5991701245000001 0.8932038834999999 0.6082987550000001 0.8932038834999999 0.6082987550000001 0.126213592 0.5991701245000001 0.126213592 0.5991701245000001 0.8932038834999999
0 0.8788381745 0.8932038834999999 0.887966805 0.8932038834999999 0.887966805 0.1252427185 0.8788381745 0.1252427185 0.8788381745 0.8932038834999999
0 0.5991701245000001 0.304854369 0.887966805 0.304854369 0.887966805 0.2834951455 0.5991701245000001 0.2834951455 0.5991701245000001 0.304854369
0 0.7190871369999999 0.6485436895000001 0.8236514525 0.6485436895000001 0.8236514525 0.6368932039999999 0.7190871369999999 0.6368932039999999 0.7190871369999999 0.6485436895000001
0 0.8236514525 0.8932038834999999 0.8236514525 0.6368932039999999 0.818672199 0.6368932039999999 0.818672199 0.8932038834999999 0.8236514525 0.8932038834999999
0 0.8232365145 0.63592233 0.8232365145 0.558252427 0.797925311 0.558252427 0.797925311 0.63592233 0.8232365145 0.63592233