0 0.4555 0.78475 0.715 0.0195
0 0.806 0.5245 0.01325 0.54025
0 0.4555 0.26425 0.715 0.0195
0 0.1045 0.5245 0.01325 0.54025
0 0.60575 0.64875 0.00325 0.25275
0 0.5445 0.52475 0.12525 0.0055
0 0.5515 0.398 0.00375 0.24825
0 0.7035 0.571 0.192 0.0055
0 0.73375 0.70825 0.00375 0.13375
0 0.76575 0.67775 0.0675 0.0055
0 0.25975 0.67625 0.00325 0.19725
0 0.1865 0.58 0.15025 0.005
0 0.23525 0.48725 0.24825 0.005
0 0.3575 0.37925 0.00325 0.21075
0 0.3575 0.50725 0.00325 0.045
0 0.2335 0.38175 0.00325 0.21575
0 0.1825 0.53375 0.00325 0.088
0 0.35775 0.6965 0.00325 0.157
0 0.307 0.6725 0.09775 0.005
0 0.69775 0.46825 0.00325 0.2
0 0.748 0.37325 0.10325 0.01025
0 0.69975 0.32125 0.00725 0.094
0 0.62475 0.45725 0.14275 0.005
0 0.77 0.5145 0.05925 0.005