0 0.4785 0.24625 0.86175 0.0165
0 0.897 0.46275 0.0255 0.45
0 0.59475 0.67925 0.63025 0.0165
0 0.17675 0.677 0.257 0.02075
0 0.06575 0.628 0.036 0.11925
0 0.0605 0.403 0.0255 0.33075
0 0.20225 0.81825 0.30925 0.01025
0 0.34475 0.8755 0.02325 0.125
0 0.20225 0.9335 0.30925 0.00875
0 0.0575 0.8755 0.01975 0.125
0 0.25125 0.41075 0.40575 0.00575
0 0.44775 0.3635 0.01275 0.1005
0 0.2965 0.493 0.014 0.17
0 0.19175 0.57325 0.22325 0.00975
0 0.29125 0.63275 0.028 0.1095
0 0.321 0.599 0.085 0.016
0 0.4425 0.60425 0.15825 0.00625
0 0.51175 0.6475 0.01975 0.08025
0 0.514 0.533 0.015 0.14875
0 0.70825 0.462 0.4035 0.00675