0 0.457 0.03325 0.827 0.01875
0 0.8635 0.2095 0.014 0.371
0 0.90625 0.37825 0.0985 0.0325
0 0.94325 0.5265 0.02425 0.32875
0 0.60075 0.68 0.70925 0.0215
0 0.25425 0.77125 0.01625 0.204
0 0.15275 0.8625 0.2185 0.0215
0 0.05775 0.449 0.02875 0.84975
0 0.24975 0.5255 0.00725 0.2865
0 0.1625 0.3915 0.181 0.01875
0 0.28775 0.38825 0.08325 0.01175
0 0.42125 0.21825 0.00875 0.35125
0 0.7425 0.38825 0.228 0.01175
0 0.63275 0.5255 0.00875 0.2865
0 0.33675 0.51325 0.16625 0.01175
0 0.4155 0.58825 0.00875 0.162
0 0.91325 0.03325 0.0845 0.01875
0 0.95175 0.19325 0.00725 0.3385