0 0.0005506609999999999 0.317245817 0.0005506609999999999 0.3314028315 0.2296255505 0.3314028315 0.2296255505 0.317245817 0.0005506609999999999 0.317245817
0 0.217511013 0.317245817 0.217511013 0.752895753 0.2296255505 0.752895753 0.2296255505 0.317245817 0.217511013 0.317245817
0 0.217511013 0.7387387384999999 0.217511013 0.752895753 0.4129955945 0.752895753 0.4129955945 0.7387387384999999 0.217511013 0.7387387384999999
0 0.4003303965 0.7393822394999999 0.4003303965 0.7915057915 0.4129955945 0.7915057915 0.4129955945 0.7393822394999999 0.4003303965 0.7393822394999999
0 0.4003303965 0.7767052765 0.4003303965 0.7915057915 0.7588105725000001 0.7915057915 0.7588105725000001 0.7767052765 0.4003303965 0.7767052765
0 0.7461453745 0.7393822394999999 0.7461453745 0.7915057915 0.7588105725000001 0.7915057915 0.7588105725000001 0.7393822394999999 0.7461453745 0.7393822394999999
0 1 0.7393822394999999 0.7461453745 0.7393822394999999 0.7461453745 0.7535392535 1 0.7535392535 1 0.7393822394999999
0 1 0.182110682 0.9895374450000001 0.182110682 0.9895374450000001 0.7535392535 1 0.7535392535 1 0.182110682
0 1 0.182110682 0.217511013 0.182110682 0.217511013 0.19562419550000001 1 0.19562419550000001 1 0.182110682
0 0.217511013 0.126126126 0.217511013 0.19562419550000001 0.2296255505 0.19562419550000001 0.2296255505 0.126126126 0.217511013 0.126126126
0 0.0005506609999999999 0.126126126 0.0005506609999999999 0.14028314050000001 0.2296255505 0.14028314050000001 0.2296255505 0.126126126 0.0005506609999999999 0.126126126
0 0.0005506609999999999 0.126126126 0.0005506609999999999 0.3314028315 0.012665198 0.3314028315 0.012665198 0.126126126 0.0005506609999999999 0.126126126
0 0.2296255505 0.18146718150000002 0.2241189425 0.18146718150000002 0.2241189425 0.317245817 0.2296255505 0.317245817 0.2296255505 0.18146718150000002
0 0.4129955945 0.38996139 0.406938326 0.38996139 0.406938326 0.7393822394999999 0.4129955945 0.7393822394999999 0.4129955945 0.38996139
0 0.217511013 0.431788932 0.217511013 0.43758043750000003 0.4129955945 0.43758043750000003 0.4129955945 0.431788932 0.217511013 0.431788932
0 0.4328193835 0.4324324325 0.4129955945 0.4324324325 0.4129955945 0.438223938 0.4328193835 0.438223938 0.4328193835 0.4324324325
0 0.217511013 0.5283140285 0.217511013 0.534105534 0.4129955945 0.534105534 0.4129955945 0.5283140285 0.217511013 0.5283140285
0 0.3045154185 0.4324324325 0.29955947149999995 0.4324324325 0.29955947149999995 0.534105534 0.3045154185 0.534105534 0.3045154185 0.4324324325
0 0.5324889869999999 0.5894465895 0.526982379 0.5894465895 0.526982379 0.7915057915 0.5324889869999999 0.7915057915 0.5324889869999999 0.5894465895
0 0.49504405300000004 0.5894465895 0.49504405300000004 0.595238095 0.5324889869999999 0.595238095 0.5324889869999999 0.5894465895 0.49504405300000004 0.5894465895
0 0.7516519825 0.4652509655 0.7455947135000001 0.4652509655 0.7455947135000001 0.7387387384999999 0.7516519825 0.7387387384999999 0.7516519825 0.4652509655
0 0.7703744495 0.42406692399999996 0.7461453745 0.42406692399999996 0.7461453745 0.465894466 0.7703744495 0.465894466 0.7703744495 0.42406692399999996
0 1 0.42406692399999996 0.7461453745 0.42406692399999996 0.7461453745 0.43114543099999997 1 0.43114543099999997 1 0.42406692399999996
0 0.8634361235 0.42406692399999996 0.8573788545 0.42406692399999996 0.8573788545 0.619047619 0.8634361235 0.619047619 0.8634361235 0.42406692399999996
0 1 0.611969112 0.8573788545 0.611969112 0.8573788545 0.619047619 1 0.619047619 1 0.611969112
0 0.8634361235 0.5733590735 0.7461453745 0.5733590735 0.7461453745 0.57979408 0.8634361235 0.57979408 0.8634361235 0.5733590735
0 1 0.5514800514999999 0.9399779735 0.5514800514999999 0.9399779735 0.5579150580000001 1 0.5579150580000001 1 0.5514800514999999
0 0.935572687 0.42406692399999996 0.9300660795 0.42406692399999996 0.9300660795 0.4536679535 0.935572687 0.4536679535 0.935572687 0.42406692399999996
0 0.7912995595 0.182110682 0.7857929515 0.182110682 0.7857929515 0.43114543099999997 0.7912995595 0.43114543099999997 0.7912995595 0.182110682
0 0.5324889869999999 0.7046332045 0.49504405300000004 0.7046332045 0.49504405300000004 0.7110682110000001 0.5324889869999999 0.7110682110000001 0.5324889869999999 0.7046332045
0 0.5341409690000001 0.445945946 0.526982379 0.445945946 0.526982379 0.492921493 0.5341409690000001 0.492921493 0.5341409690000001 0.445945946
0 0.526982379 0.445945946 0.526982379 0.45431145450000004 0.641519824 0.45431145450000004 0.641519824 0.445945946 0.526982379 0.445945946
0 0.6354625549999999 0.445945946 0.6354625549999999 0.492921493 0.641519824 0.492921493 0.641519824 0.445945946 0.6354625549999999 0.445945946
0 0.412444934 0.18146718150000002 0.406387665 0.18146718150000002 0.406387665 0.25997426 0.412444934 0.25997426 0.412444934 0.18146718150000002