0 0.52275 0.20275 0.8445 0.01925
0 0.9345 0.49925 0.02225 0.61225
0 0.11525 0.49925 0.0295 0.61225
0 0.222 0.393 0.243 0.0065
0 0.339 0.3735 0.01025 0.04575
0 0.4115 0.3535 0.1555 0.00575
0 0.48425 0.578 0.01125 0.45525
0 0.29525 0.58525 0.38925 0.007
0 0.214 0.4855 0.22675 0.007
0 0.32175 0.5355 0.01125 0.107
0 0.403 0.499 0.17375 0.007
0 0.8055 0.5035 0.2805 0.007
0 0.67075 0.6525 0.01125 0.30525
0 0.77025 0.87025 0.02025 0.17125
0 0.70025 0.9495 0.1595 0.013
0 0.6305 0.87025 0.02025 0.17125
0 0.85275 0.79525 0.186 0.0205
0 0.70025 0.79525 0.1595 0.0205
0 0.371 0.79525 0.53975 0.0205
0 0.6275 0.11775 0.01625 0.15075
0 0.32175 0.4395 0.01125 0.09925