0 0.55525 0.7895 0.4325 0.01675
0 0.765 0.6315 0.01275 0.33275
0 0.7985 0.47425 0.07975 0.01775
0 0.8315 0.3655 0.0135 0.23525
0 0.749 0.25625 0.17875 0.01725
0 0.66625 0.185 0.01325 0.16
0 0.60975 0.1135 0.12625 0.01675
0 0.5075 0.116 0.07775 0.0215
0 0.40375 0.1135 0.1295 0.01675
0 0.3455 0.4515 0.01275 0.6925
0 0.1855 0.45175 0.22075 0.0135
0 0.2905 0.52025 0.01025 0.15075
0 0.1855 0.589 0.22075 0.0135
0 0.0805 0.52025 0.01025 0.15075
0 0.4575 0.59775 0.211 0.00525
0 0.561 0.688 0.004 0.18625
0 0.60325 0.676 0.0805 0.00525
0 0.64125 0.73 0.004 0.1025
0 0.64125 0.6435 0.004 0.0705
0 0.461 0.49825 0.218 0.00775
0 0.56725 0.428 0.00575 0.1485
0 0.568 0.34875 0.05175 0.01
0 0.5445 0.2295 0.0045 0.2485
0 0.44925 0.351 0.1945 0.00525
0 0.499 0.32975 0.004 0.037
0 0.509 0.29775 0.02375 0.0315
0 0.53075 0.28425 0.02275 0.00525
0 0.3945 0.33375 0.00475 0.02875
0 0.4125 0.21325 0.12125 0.00525
0 0.5075 0.23175 0.069 0.00525
0 0.47075 0.1605 0.0045 0.11075
0 0.47075 0.23025 0.0045 0.02875
0 0.40325 0.16625 0.004 0.0885
0 0.599 0.35125 0.0095 0.00475
0 0.6615 0.27025 0.00375 0.0105
0 0.63275 0.31375 0.061 0.08
0 0.5115 0.465 0.004 0.059
0 0.5235 0.419 0.028 0.037
0 0.55 0.40325 0.02825 0.00525
0 0.41625 0.5485 0.004 0.093
0 0.46025 0.6905 0.004 0.181