0 0.40424528299999996 0.23990637799999998 0.40424528299999996 0.863662961 0.41320754699999995 0.863662961 0.41320754699999995 0.23990637799999998 0.40424528299999996 0.23990637799999998
0 0.0316037735 0.23990637799999998 0.0316037735 0.2580456405 0.41320754699999995 0.2580456405 0.41320754699999995 0.23990637799999998 0.0316037735 0.23990637799999998
0 0.0316037735 0.23990637799999998 0.0316037735 0.863662961 0.046226415 0.863662961 0.046226415 0.23990637799999998 0.0316037735 0.23990637799999998
0 0.0316037735 0.8455236979999999 0.0316037735 0.863662961 0.41320754699999995 0.863662961 0.41320754699999995 0.8455236979999999 0.0316037735 0.8455236979999999
0 0.41320754699999995 0.6243417204999999 0.0316037735 0.6243417204999999 0.0316037735 0.6313633705 0.41320754699999995 0.6313633705 0.41320754699999995 0.6243417204999999
0 0.213207547 0.6243417204999999 0.208018868 0.6243417204999999 0.208018868 0.863662961 0.213207547 0.863662961 0.213207547 0.6243417204999999
0 0.40424528299999996 0.6313633705 0.36839622650000003 0.6313633705 0.36839622650000003 0.656524283 0.40424528299999996 0.656524283 0.40424528299999996 0.6313633705
0 0.30330188700000005 0.780573435 0.2985849055 0.780573435 0.2985849055 0.863662961 0.30330188700000005 0.863662961 0.30330188700000005 0.780573435
0 0.33254717 0.733762434 0.2981132075 0.7799882969999999 0.3018867925 0.78408426 0.33632075450000004 0.7378583965000001 0.33254717 0.733762434
0 0.33254717 0.733762434 0.33254717 0.739613809 0.412735849 0.739613809 0.412735849 0.733762434 0.33254717 0.733762434
0 0.254245283 0.7343475715 0.208018868 0.7343475715 0.208018868 0.740198947 0.254245283 0.740198947 0.254245283 0.7343475715
0 0.41320754699999995 0.5008777065 0.0316037735 0.5008777065 0.0316037735 0.5067290815 0.41320754699999995 0.5067290815 0.41320754699999995 0.5008777065
0 0.066037736 0.5067290815 0.046226415 0.5067290815 0.046226415 0.5377413689999999 0.066037736 0.5377413689999999 0.066037736 0.5067290815
0 0.141981132 0.5008777065 0.137264151 0.5008777065 0.137264151 0.6313633705 0.141981132 0.6313633705 0.141981132 0.5008777065
0 0.19622641500000002 0.23990637799999998 0.191509434 0.23990637799999998 0.191509434 0.5067290815 0.19622641500000002 0.5067290815 0.19622641500000002 0.23990637799999998
0 0.8485849055 0.23932124049999998 0.8485849055 0.863662961 0.858018868 0.863662961 0.858018868 0.23932124049999998 0.8485849055 0.23932124049999998
0 0.4773584905 0.23932124049999998 0.4773584905 0.2580456405 0.858018868 0.2580456405 0.858018868 0.23932124049999998 0.4773584905 0.23932124049999998
0 0.4773584905 0.23932124049999998 0.4773584905 0.863662961 0.49245283 0.863662961 0.49245283 0.23932124049999998 0.4773584905 0.23932124049999998
0 0.4773584905 0.8449385605 0.4773584905 0.863662961 0.858018868 0.863662961 0.858018868 0.8449385605 0.4773584905 0.8449385605
0 0.6349056605 0.4306612055 0.6292452829999999 0.4306612055 0.6292452829999999 0.863662961 0.6349056605 0.863662961 0.6349056605 0.4306612055
0 0.6349056605 0.6214160329999999 0.4773584905 0.6214160329999999 0.4773584905 0.628437683 0.6349056605 0.628437683 0.6349056605 0.6214160329999999
0 0.858018868 0.7460503220000001 0.6292452829999999 0.7460503220000001 0.6292452829999999 0.753071972 0.858018868 0.753071972 0.858018868 0.7460503220000001
0 0.725471698 0.7460503220000001 0.719811321 0.7460503220000001 0.719811321 0.863662961 0.725471698 0.863662961 0.725471698 0.7460503220000001
0 0.7948113210000001 0.6220011704999999 0.7896226414999999 0.6220011704999999 0.7896226414999999 0.753071972 0.7948113210000001 0.753071972 0.7948113210000001 0.6220011704999999
0 0.7179245285 0.6220011704999999 0.7179245285 0.628437683 0.7948113210000001 0.628437683 0.7948113210000001 0.6220011704999999 0.7179245285 0.6220011704999999
0 0.858018868 0.6220011704999999 0.7948113210000001 0.6220011704999999 0.7948113210000001 0.628437683 0.858018868 0.628437683 0.858018868 0.6220011704999999
0 0.8485849055 0.628437683 0.8127358490000001 0.628437683 0.8127358490000001 0.6547688705000001 0.8485849055 0.6547688705000001 0.8485849055 0.628437683
0 0.8556603775 0.863662961 0.850471698 0.863662961 0.850471698 0.9900526625 0.8556603775 0.9900526625 0.8556603775 0.863662961
0 0.774056604 0.9836161499999999 0.774056604 0.9900526625 0.8556603775 0.9900526625 0.8556603775 0.9836161499999999 0.774056604 0.9836161499999999
0 0.774056604 0.844353423 0.774056604 0.989467525 0.778773585 0.989467525 0.778773585 0.844353423 0.774056604 0.844353423
0 0.8485849055 0.497366881 0.8023584905 0.497366881 0.8023584905 0.5032182565 0.8485849055 0.5032182565 0.8485849055 0.497366881