0 0.0985 0.14125 0.0175 0.02225
0 0.239 0.13775 0.26825 0.03575
0 0.3469387475 0.09758072799999999 0.901603425 0.099960745 0.901603425 0.06584715749999999 0.345481021 0.0579137655 0.3469387475 0.09758072799999999
0 0.70525 0.72125 0.3885 0.0255
0 0.48475 0.827 0.1065 0.012
0 0.5255 0.777 0.02775 0.08175
0 0.277 0.91625 0.3455 0.02375
0 0.12275 0.94125 0.03275 0.02625
0 0.132 0.3025 0.013 0.29675
0 0.114 0.46225 0.05125 0.02425
0 0.22575 0.49225 0.241 0.01825
0 0.41625 0.63325 0.139 0.0095
0 0.2245 0.711 0.23625 0.01
0 0.12275 0.603 0.034 0.2045
0 0.12175 0.81075 0.0335 0.1885
0 0.34825 0.818 0.008 0.17425
0 0.4395 0.86975 0.01225 0.07075
0 0.473 0.71225 0.0815 0.0115
0 0.43775 0.76775 0.01 0.101
0 0.35025 0.57925 0.00875 0.103
0 0.482 0.58075 0.007 0.1005
0 0.76625 0.50775 0.26575 0.00925
0 0.8815 0.61025 0.03475 0.198
0 0.88225 0.41025 0.0335 0.1805
0 0.7195 0.3575 0.16925 0.0115
0 0.8475 0.315 0.10825 0.00825
0 0.88125 0.201 0.03275 0.20775
0 0.8 0.33575 0.0115 0.03125
0 0.6375 0.222 0.008 0.25025
0 0.6375 0.4325 0.008 0.14
0 0.68 0.58025 0.0725 0.00625
0 0.7115 0.544 0.00575 0.06125
0 0.6745 0.646 0.00875 0.1235
0 0.3515 0.67025 0.0055 0.06