0 0.93015873 0.7799113735 0.93015873 0.7459379615 0.0296296295 0.7459379615 0.0296296295 0.7799113735 0.93015873 0.7799113735
0 0.053968254 0.778434269 0.053968254 0.0073855245 0.0296296295 0.0073855245 0.0296296295 0.778434269 0.053968254 0.778434269
0 0.93015873 0.0413589365 0.93015873 0.0073855245 0.0296296295 0.0073855245 0.0296296295 0.0413589365 0.93015873 0.0413589365
0 0.93015873 0.778434269 0.93015873 0.0073855245 0.905820106 0.0073855245 0.905820106 0.778434269 0.93015873 0.778434269
0 0.0296296295 0.459379616 0.475132275 0.459379616 0.475132275 0.4431314625 0.0296296295 0.4431314625 0.0296296295 0.459379616
0 0.475132275 0.459379616 0.475132275 0.2319054655 0.4634920635 0.2319054655 0.4634920635 0.459379616 0.475132275 0.459379616
0 0.4634920635 0.5184638109999999 0.475132275 0.5184638109999999 0.475132275 0.459379616 0.4634920635 0.459379616 0.4634920635 0.5184638109999999
0 0.4634920635 0.7799113735 0.475132275 0.7799113735 0.475132275 0.6853766615 0.4634920635 0.6853766615 0.4634920635 0.7799113735
0 0.2645502645 0.7799113735 0.27619047599999996 0.7799113735 0.27619047599999996 0.4431314625 0.2645502645 0.4431314625 0.2645502645 0.7799113735
0 0.4634920635 0.0856720825 0.475132275 0.0856720825 0.475132275 0.0073855245 0.4634920635 0.0073855245 0.4634920635 0.0856720825
0 0.2645502645 0.8168389955 0.27619047599999996 0.8168389955 0.27619047599999996 0.7799113735 0.2645502645 0.7799113735 0.2645502645 0.8168389955
0 0.4634920635 0.8168389955 0.475132275 0.8168389955 0.475132275 0.7799113735 0.4634920635 0.7799113735 0.4634920635 0.8168389955