0 0.47425 0.191 0.79325 0.02175
0 0.8635 0.5225 0.015 0.68475
0 0.75325 0.854 0.235 0.02175
0 0.27725 0.854 0.39825 0.02175
0 0.0855 0.5225 0.0155 0.68475
0 0.5545 0.92225 0.08075 0.02175
0 0.61525 0.88825 0.053 0.09
0 0.6715 0.6585 0.00475 0.37
0 0.7625 0.47675 0.18675 0.00675
0 0.7005 0.66825 0.054 0.00825
0 0.74675 0.64675 0.04175 0.05175
0 0.7655 0.55025 0.00575 0.1405
0 0.81075 0.625 0.0905 0.00825
0 0.28725 0.75425 0.00575 0.178
0 0.267 0.63375 0.04675 0.06975
0 0.2465 0.402 0.00575 0.40025
0 0.16825 0.54575 0.15075 0.00825
0 0.179 0.5735 0.00575 0.048
0 0.164 0.6205 0.0355 0.05325
0 0.121 0.643 0.056 0.00825
0 0.3295 0.464 0.16 0.00825
0 0.40675 0.33525 0.00575 0.2665
0 0.44225 0.7195 0.00575 0.247
0 0.45825 0.60025 0.038 0.00825
0 0.42075 0.6685 0.037 0.00825
0 0.388 0.688 0.033 0.04725
0 0.37475 0.7755 0.00575 0.13525
0 0.3315 0.71425 0.08225 0.00825
0 0.65825 0.46625 0.0215 0.096
0 0.6265 0.50975 0.04175 0.009
0 0.60875 0.533 0.00625 0.0555
0 0.65325 0.60325 0.0315 0.009
0 0.685 0.6065 0.022 0.00825
0 0.4925 0.88825 0.055 0.09
0 0.66625 0.358 0.00625 0.31225