0 0.9739663095 0.5741769984999999 0.9739663095 0.5600684055 0.167942828 0.5600684055 0.167942828 0.5741769984999999 0.9739663095 0.5741769984999999
0 0.9739663095 0.7580162465 0.9739663095 0.5600684055 0.9596733024999999 0.5600684055 0.9596733024999999 0.7580162465 0.9739663095 0.7580162465
0 0.9739663095 0.7580162465 0.9739663095 0.7460453185 0.8422664625 0.7460453185 0.8422664625 0.7580162465 0.9739663095 0.7580162465
0 0.856559469 0.9345874304999999 0.856559469 0.7460453185 0.8422664625 0.7460453185 0.8422664625 0.9345874304999999 0.856559469 0.9345874304999999
0 0.8560490045 0.9341598975000001 0.8560490045 0.9153484395 0.167942828 0.9153484395 0.167942828 0.9341598975000001 0.8560490045 0.9341598975000001
0 0.18172537 0.9341598975000001 0.18172537 0.5596408719999999 0.16743236350000001 0.5596408719999999 0.16743236350000001 0.9341598975000001 0.18172537 0.9341598975000001
0 0.18172537 0.63574177 0.18172537 0.622915776 0.018376722999999998 0.622915776 0.018376722999999998 0.63574177 0.18172537 0.63574177
0 0.0270546195 0.7259512610000001 0.0270546195 0.623343309 0.018376722999999998 0.623343309 0.018376722999999998 0.7259512610000001 0.0270546195 0.7259512610000001
0 0.18172537 0.7259512610000001 0.18172537 0.7186831979999999 0.018376722999999998 0.7186831979999999 0.018376722999999998 0.7259512610000001 0.18172537 0.7259512610000001
0 0.362429811 0.9345874304999999 0.3736600305 0.9345874304999999 0.3736600305 0.671654553 0.362429811 0.671654553 0.362429811 0.9345874304999999
0 0.5706993364999999 0.681060282 0.5706993364999999 0.671654553 0.362429811 0.671654553 0.362429811 0.681060282 0.5706993364999999 0.681060282
0 0.559469117 0.681060282 0.5706993364999999 0.681060282 0.5706993364999999 0.5600684055 0.559469117 0.5600684055 0.559469117 0.681060282
0 0.5706993364999999 0.7516032494999999 0.5706993364999999 0.671654553 0.559469117 0.671654553 0.559469117 0.7516032494999999 0.5706993364999999 0.7516032494999999
0 0.5701888719999999 0.7516032494999999 0.5701888719999999 0.743907653 0.5278203164999999 0.743907653 0.5278203164999999 0.7516032494999999 0.5701888719999999 0.7516032494999999
0 0.539050536 0.836682343 0.539050536 0.743907653 0.528330781 0.743907653 0.528330781 0.836682343 0.539050536 0.836682343
0 0.5701888719999999 0.836682343 0.5701888719999999 0.8294142795 0.5278203164999999 0.8294142795 0.5278203164999999 0.836682343 0.5701888719999999 0.836682343
0 0.5701888719999999 0.9345874304999999 0.5701888719999999 0.8294142795 0.561510975 0.8294142795 0.561510975 0.9345874304999999 0.5701888719999999 0.9345874304999999
0 0.3782542115 0.681060282 0.39050536 0.681060282 0.39050536 0.5600684055 0.3782542115 0.5600684055 0.3782542115 0.681060282
0 0.667177131 0.9341598975000001 0.6768759569999999 0.9341598975000001 0.6768759569999999 0.5596408719999999 0.667177131 0.5596408719999999 0.667177131 0.9341598975000001
0 0.6676875955 0.7533133820000001 0.8422664625 0.7533133820000001 0.8422664625 0.7460453185 0.6676875955 0.7460453185 0.6676875955 0.7533133820000001
0 0.7519142419999999 0.7533133820000001 0.761613068 0.7533133820000001 0.761613068 0.5600684055 0.7519142419999999 0.5600684055 0.7519142419999999 0.7533133820000001
0 0.6676875955 0.6348867035 0.761613068 0.6348867035 0.761613068 0.629756306 0.6676875955 0.629756306 0.6676875955 0.6348867035
0 0.9739663095 0.6695168875 0.9739663095 0.6626763575 0.8774885145 0.6626763575 0.8774885145 0.6695168875 0.9739663095 0.6695168875
0 0.8769780500000001 0.6690893545000001 0.8841245535000001 0.6626763575 0.8448187850000001 0.6336041044999999 0.837672282 0.6400171015 0.8769780500000001 0.6690893545000001
0 0.8473711075 0.6400171015 0.8473711075 0.5596408719999999 0.8381827465 0.5596408719999999 0.8381827465 0.6400171015 0.8473711075 0.6400171015
0 0.6768759569999999 0.8379649425 0.6768759569999999 0.8294142795 0.5701888719999999 0.8294142795 0.5701888719999999 0.8379649425 0.6768759569999999 0.8379649425
0 0.976518632 0.08978195800000001 0.976518632 0.0778110305 0.1664114345 0.0778110305 0.1664114345 0.08978195800000001 0.976518632 0.08978195800000001
0 0.9770290965 0.278751603 0.9770290965 0.0782385635 0.9596733024999999 0.0778110305 0.9596733024999999 0.278751603 0.9770290965 0.278751603
0 0.9770290965 0.278751603 0.9770290965 0.26421547650000005 0.837672282 0.26421547650000005 0.837672282 0.278751603 0.9770290965 0.278751603
0 0.8519652885000001 0.4484822575 0.8519652885000001 0.26464301 0.837672282 0.26464301 0.837672282 0.4484822575 0.8519652885000001 0.4484822575
0 0.8519652885000001 0.4484822575 0.8519652885000001 0.4365113295 0.1664114345 0.4365113295 0.1664114345 0.4484822575 0.8519652885000001 0.4484822575
0 0.180704441 0.4484822575 0.180704441 0.0782385635 0.1664114345 0.0782385635 0.1664114345 0.4484822575 0.180704441 0.4484822575
0 0.1664114345 0.2415562205 0.5701888719999999 0.2415562205 0.5701888719999999 0.2347156905 0.1664114345 0.2347156905 0.1664114345 0.2415562205
0 0.5701888719999999 0.2415562205 0.5701888719999999 0.0782385635 0.5620214395 0.0782385635 0.5620214395 0.2415562205 0.5701888719999999 0.2415562205
0 0.447166922 0.2415562205 0.4548238895 0.2415562205 0.4548238895 0.0782385635 0.447166922 0.0782385635 0.447166922 0.2415562205
0 0.3139356815 0.2415562205 0.3215926495 0.2415562205 0.3215926495 0.0782385635 0.3139356815 0.0782385635 0.3139356815 0.2415562205
0 0.1664114345 0.342026507 0.2475752935 0.342026507 0.2475752935 0.3373236425 0.1664114345 0.3373236425 0.1664114345 0.342026507
0 0.2475752935 0.342026507 0.27207759049999997 0.3180846515 0.26748341 0.3146643865 0.242981113 0.338606242 0.2475752935 0.342026507
0 0.27207759049999997 0.3180846515 0.27207759049999997 0.2347156905 0.26646248100000003 0.2347156905 0.26646248100000003 0.3180846515 0.27207759049999997 0.3180846515
0 0.26646248100000003 0.3056861905 0.476773864 0.3056861905 0.476773864 0.30012826000000004 0.26646248100000003 0.30012826000000004 0.26646248100000003 0.3056861905
0 0.476773864 0.4484822575 0.476773864 0.30012826000000004 0.469627361 0.30012826000000004 0.469627361 0.4484822575 0.476773864 0.4484822575
0 0.6625829505 0.2415562205 0.66819806 0.2415562205 0.66819806 0.0782385635 0.6625829505 0.0782385635 0.6625829505 0.2415562205