0 0.04525 0.47575 0.02 0.579
0 0.397 0.7545 0.7235 0.02125
0 0.78325 0.7545 0.04875 0.02125
0 0.80225 0.47575 0.01075 0.579
0 0.8095 0.21775 0.0055 0.0625
0 0.85825 0.7545 0.101 0.02125
0 0.3835 0.37975 0.005 0.387
0 0.33225 0.53775 0.09775 0.01575
0 0.286 0.49425 0.005 0.1025
0 0.36775 0.51625 0.02675 0.0285
0 0.28525 0.34625 0.00675 0.195
0 0.245 0.45025 0.0775 0.01425
0 0.209 0.61175 0.0055 0.30725
0 0.20975 0.3535 0.00675 0.209
0 0.12425 0.21775 0.17775 0.0625
0 0.54775 0.21775 0.5185 0.0625
0 0.25075 0.22325 0.0755 0.074
0 0.64275 0.71125 0.0045 0.108
0 0.64275 0.43325 0.0045 0.17775
0 0.6575 0.51575 0.02975 0.01425
0 0.6485 0.72475 0.00675 0.0385