0 0.47958561850000003 0.9884244375 0.47958561850000003 0.2090032155 0.47044485049999996 0.2090032155 0.47044485049999996 0.9884244375 0.47958561850000003 0.9884244375
0 0.47958561850000003 0.9884244375 0.47958561850000003 0.981993569 0.303473492 0.981993569 0.303473492 0.9884244375 0.47958561850000003 0.9884244375
0 0.3126142595 0.9877813505 0.3126142595 0.8366559485 0.303473492 0.8366559485 0.303473492 0.9877813505 0.3126142595 0.9877813505
0 0.3126142595 0.8469453375 0.3126142595 0.8372990355 0.174283973 0.8372990355 0.174283973 0.8469453375 0.3126142595 0.8469453375
0 0.183424741 0.8469453375 0.183424741 0.676527331 0.174283973 0.676527331 0.174283973 0.8469453375 0.183424741 0.8469453375
0 0.1828153565 0.6855305465 0.1828153565 0.6758842445000001 0.0298598415 0.6758842445000001 0.0298598415 0.6855305465 0.1828153565 0.6855305465
0 0.039000609500000005 0.6861736335 0.039000609500000005 0.2090032155 0.0298598415 0.2090032155 0.0298598415 0.6861736335 0.039000609500000005 0.6861736335
0 0.47958561850000003 0.2186495175 0.47958561850000003 0.2090032155 0.0298598415 0.2090032155 0.0298598415 0.2186495175 0.47958561850000003 0.2186495175
0 0.478976234 0.5286173635 0.478976234 0.518971061 0.336380256 0.518971061 0.336380256 0.5286173635 0.478976234 0.5286173635
0 0.3461304085 0.8469453375 0.3461304085 0.518971061 0.3369896405 0.518971061 0.3369896405 0.8469453375 0.3461304085 0.8469453375
0 0.303473492 0.8469453375 0.3461304085 0.8469453375 0.3461304085 0.8372990355 0.303473492 0.8372990355 0.303473492 0.8469453375
0 0.478976234 0.846302251 0.478976234 0.8366559485 0.336380256 0.8366559485 0.336380256 0.846302251 0.478976234 0.846302251
0 0.345521024 0.796141479 0.345521024 0.786495177 0.221815966 0.786495177 0.221815966 0.796141479 0.345521024 0.796141479
0 0.231566118 0.8469453375 0.231566118 0.7871382635 0.2224253505 0.7871382635 0.2224253505 0.8469453375 0.231566118 0.8469453375
0 0.183424741 0.6861736335 0.2145033515 0.6861736335 0.2145033515 0.676527331 0.183424741 0.676527331 0.183424741 0.6861736335
0 0.2145033515 0.6861736335 0.2145033515 0.54340836 0.205362584 0.54340836 0.205362584 0.6861736335 0.2145033515 0.6861736335
0 0.1407678245 0.6861736335 0.1499085925 0.6861736335 0.1499085925 0.558199357 0.1407678245 0.558199357 0.1407678245 0.6861736335
0 0.1407678245 0.558199357 0.1499085925 0.558199357 0.1499085925 0.4996784565 0.1407678245 0.4996784565 0.1407678245 0.558199357
0 0.187081048 0.509324759 0.187081048 0.4996784565 0.1407678245 0.4996784565 0.1407678245 0.509324759 0.187081048 0.509324759
0 0.187081048 0.509324759 0.187081048 0.344694534 0.1779402805 0.344694534 0.1779402805 0.509324759 0.187081048 0.509324759
0 0.3369896405 0.6868167205 0.47958561850000003 0.6868167205 0.47958561850000003 0.677170418 0.3369896405 0.677170418 0.3369896405 0.6868167205
0 0.0298598415 0.567845659 0.2145033515 0.567845659 0.2145033515 0.558199357 0.0298598415 0.558199357 0.0298598415 0.567845659
0 0.962827544 0.846302251 0.962827544 0.207717042 0.9536867765 0.207073955 0.9536867765 0.846302251 0.962827544 0.846302251
0 0.962827544 0.8469453375 0.962827544 0.8372990355 0.6526508225 0.8372990355 0.6526508225 0.8469453375 0.962827544 0.8469453375
0 0.6617915905 0.8469453375 0.6617915905 0.673311897 0.6526508225 0.673311897 0.6526508225 0.8469453375 0.6617915905 0.8469453375
0 0.6617915905 0.6829581995 0.6617915905 0.673311897 0.507007922 0.673311897 0.507007922 0.6829581995 0.6617915905 0.6829581995
0 0.51614869 0.6823151125000001 0.51614869 0.207717042 0.507007922 0.207073955 0.507007922 0.6823151125000001 0.51614869 0.6823151125000001
0 0.962827544 0.21736334400000001 0.962827544 0.207717042 0.507007922 0.207717042 0.507007922 0.21736334400000001 0.962827544 0.21736334400000001
0 0.507007922 0.42958199350000004 0.962827544 0.42958199350000004 0.962827544 0.41993569150000004 0.507007922 0.41993569150000004 0.507007922 0.42958199350000004
0 0.758074345 0.42958199350000004 0.7672151125000001 0.42958199350000004 0.7672151125000001 0.37170418 0.758074345 0.37170418 0.758074345 0.42958199350000004
0 0.6617915905 0.6829581995 0.691651432 0.6829581995 0.691651432 0.673311897 0.6617915905 0.673311897 0.6617915905 0.6829581995
0 0.691651432 0.6829581995 0.691651432 0.41993569150000004 0.682510664 0.41993569150000004 0.682510664 0.6829581995 0.691651432 0.6829581995
0 0.8159658745 0.550482315 0.962827544 0.550482315 0.962827544 0.540836013 0.8159658745 0.540836013 0.8159658745 0.550482315
0 0.8251066425 0.8469453375 0.8251066425 0.540836013 0.8159658745 0.540836013 0.8159658745 0.8469453375 0.8251066425 0.8469453375
0 0.8159658745 0.729903537 0.962827544 0.729903537 0.962827544 0.7202572345 0.8159658745 0.7202572345 0.8159658745 0.729903537
0 0.8836075565 0.550482315 0.892748324 0.550482315 0.892748324 0.41993569150000004 0.8836075565 0.41993569150000004 0.8836075565 0.550482315
0 0.9536867765 0.207717042 0.962827544 0.207717042 0.962827544 0.061093247499999996 0.9536867765 0.061093247499999996 0.9536867765 0.207717042
0 0.507007922 0.207717042 0.51614869 0.207717042 0.51614869 0.061093247499999996 0.507007922 0.061093247499999996 0.507007922 0.207717042