0 0.6795 0.04725 0.3465 0.023
0 0.646 0.9115 0.28525 0.01925
0 0.8625 0.94475 0.0855 0.0225
0 0.513 0.4755 0.01475 0.8315
0 0.759 0.19175 0.01725 0.26825
0 0.883 0.385 0.1745 0.025
0 0.9635 0.66175 0.0165 0.5175
0 0.7692933875 0.32613444199999997 0.7554178214999999 0.336094235 0.7861041689999999 0.3853073375 0.7962440055 0.37085587049999996 0.7692933875 0.32613444199999997
0 0.7980393769999999 0.904136269 0.7896807265 0.920414876 0.8139066605 0.9473730615 0.8226903354999999 0.92933181 0.7980393769999999 0.904136269
0 0.9399948985 0.9206222405 0.9337613229999999 0.9014404505 0.9062769205 0.9307834054999999 0.9132188575 0.951105734 0.9399948985 0.9206222405
0 0.9455 0.90825 0.01375 0.0215
0 0.65025 0.79575 0.25275 0.0245
0 0.769 0.85125 0.016 0.0885
0 0.686 0.51325 0.005 0.24225
0 0.60175 0.39 0.1605 0.00875
0 0.60125 0.63 0.1595 0.0065
0 0.7295 0.6915 0.0955 0.00675
0 0.774 0.739 0.003 0.08575
0 0.6835 0.73975 0.00775 0.08625
0 0.89325 0.56475 0.12225 0.005
0 0.83375 0.61225 0.0045 0.082
0 0.895 0.6495 0.117 0.00575
0 0.30075 0.035 0.0915 0.0175
0 0.30075 0.17025 0.09075 0.016
0 0.14075 0.26475 0.25675 0.02
0 0.15075 0.78175 0.273 0.03025
0 0.0225 0.5185 0.01875 0.48275
0 0.4155 0.37675 0.11625 0.0195
0 0.466 0.6205 0.0145 0.45175
0 0.36575 0.8385 0.18975 0.02475
0 0.27875 0.81 0.019 0.02275
0 0.33775 0.50475 0.11 0.01375
0 0.2845 0.6375 0.00775 0.253
0 0.389 0.44075 0.00825 0.10075
0 0.32725 0.37975 0.05925 0.0285
0 0.26075 0.30475 0.01625 0.04575
0 0.29583922749999997 0.36246902649999996 0.271087725 0.328827209 0.26495878549999996 0.33348530649999997 0.291596115 0.37075009 0.29583922749999997 0.36246902649999996