0 0.09391435 0.7075351215 0.09391435 0.0830140485 0.082644628 0.0830140485 0.082644628 0.7075351215 0.09391435 0.7075351215
0 0.4320060105 0.1008939975 0.4320060105 0.0817369095 0.082644628 0.0817369095 0.082644628 0.1008939975 0.4320060105 0.1008939975
0 0.4320060105 0.7075351215 0.4320060105 0.0830140485 0.4207362885 0.0830140485 0.4207362885 0.7075351215 0.4320060105 0.7075351215
0 0.4320060105 0.7075351215 0.4320060105 0.688378033 0.082644628 0.688378033 0.082644628 0.7075351215 0.4320060105 0.7075351215
0 0.4207362885 0.3946360155 0.4207362885 0.375478927 0.09391435 0.375478927 0.09391435 0.3946360155 0.4207362885 0.3946360155
0 0.294515402 0.688378033 0.305785124 0.688378033 0.305785124 0.10217113650000001 0.294515402 0.10217113650000001 0.294515402 0.688378033
0 0.972952667 0.26181353749999997 0.972952667 0.2426564495 0.4770848985 0.2426564495 0.4770848985 0.26181353749999997 0.972952667 0.26181353749999997
0 0.972952667 0.83908046 0.972952667 0.243933589 0.9616829450000001 0.2426564495 0.9616829450000001 0.83908046 0.972952667 0.83908046
0 0.973703982 0.8403575990000001 0.973703982 0.821200511 0.751314801 0.821200511 0.751314801 0.8403575990000001 0.973703982 0.8403575990000001
0 0.762584523 0.8403575990000001 0.762584523 0.5785440615 0.751314801 0.5785440615 0.751314801 0.8403575990000001 0.762584523 0.8403575990000001
0 0.762584523 0.5977011495000001 0.762584523 0.5785440615 0.4778362135 0.5785440615 0.4778362135 0.5977011495000001 0.762584523 0.5977011495000001
0 0.4891059355 0.5977011495000001 0.4891059355 0.243933589 0.4778362135 0.243933589 0.4778362135 0.5977011495000001 0.4891059355 0.5977011495000001
0 0.762584523 0.5977011495000001 0.973703982 0.5977011495000001 0.973703982 0.5785440615 0.762584523 0.5785440615 0.762584523 0.5977011495000001
0 0.762584523 0.5785440615 0.7716003005000001 0.5785440615 0.7716003005000001 0.26309067700000005 0.762584523 0.26309067700000005 0.762584523 0.5785440615