0 0.30075 0.20175 0.50575 0.02425
0 0.56325 0.1815 0.03175 0.06475
0 0.626 0.16025 0.10825 0.02275
0 0.68925 0.182 0.03325 0.06625
0 0.7165 0.20425 0.03575 0.02275
0 0.72525 0.22525 0.01775 0.0655
0 0.8195 0.2465 0.2065 0.02275
0 0.91525 0.3465 0.0155 0.223
0 0.91325 0.53825 0.01925 0.16025
0 0.91475 0.69075 0.0165 0.14475
0 0.80475 0.752 0.23575 0.02275
0 0.678 0.773 0.03475 0.0655
0 0.617 0.79375 0.10175 0.02425
0 0.5565 0.772 0.03475 0.06775
0 0.388 0.7495 0.319 0.02275
0 0.236 0.814 0.015 0.15175
0 0.1455 0.87925 0.196 0.0215
0 0.0555 0.5395 0.0165 0.70075
0 0.2365 0.46375 0.016 0.548
0 0.14625 0.433 0.1965 0.0085
0 0.5075 0.6915 0.006 0.13825
0 0.508 0.5395 0.005 0.05125
0 0.7205 0.55125 0.0095 0.07475
0 0.71875 0.676 0.006 0.17475
0 0.721 0.47975 0.0085 0.0855
0 0.74025 0.453 0.04675 0.03125
0 0.7905 0.4625 0.054 0.012
0 0.81475 0.49 0.006 0.067
0 0.8135 0.55625 0.009 0.0655
0 0.76675 0.58275 0.10175 0.01275
0 0.8675 0.6145 0.11075 0.00775
0 0.815 0.60375 0.0055 0.02925
0 0.87025 0.46125 0.10525 0.00925
0 0.38325 0.594 0.006 0.33275
0 0.3075 0.432 0.15725 0.0085
0 0.446 0.43225 0.131 0.00925
0 0.5085 0.31325 0.006 0.24725
0 0.44425 0.31325 0.006 0.24725
0 0.47625 0.31575 0.0705 0.00775
0 0.4455 0.67075 0.1305 0.0085
0 0.91575 0.20325 0.0145 0.10975
0 0.41175 0.7655 0.013 0.00925
0 0.47875 0.7655 0.013 0.00925
0 0.72 0.3475 0.0075 0.179
0 0.583 0.51825 0.15475 0.0085