0 0.3822363205 0.7142857145 0.3822363205 0.7239795920000001 0.7501982555 0.7239795920000001 0.7501982555 0.7142857145 0.3822363205 0.7142857145
0 0.3822363205 0.413265306 0.3822363205 0.7239795920000001 0.397303727 0.7239795920000001 0.397303727 0.413265306 0.3822363205 0.413265306
0 0.30927835049999997 0.413265306 0.30927835049999997 0.4229591835 0.397303727 0.4229591835 0.397303727 0.413265306 0.30927835049999997 0.413265306
0 0.30927835049999997 0.176530612 0.30927835049999997 0.4224489795 0.3417922285 0.4224489795 0.3417922285 0.1770408165 0.30927835049999997 0.176530612
0 0.30927835049999997 0.1770408165 0.30927835049999997 0.193367347 0.897700238 0.193367347 0.897700238 0.1770408165 0.30927835049999997 0.1770408165
0 0.7351308485 0.6147959184999999 0.7351308485 0.624489796 0.897700238 0.624489796 0.897700238 0.6147959184999999 0.7351308485 0.6147959184999999
0 0.7351308485 0.6147959184999999 0.7351308485 0.7239795920000001 0.7501982555 0.7239795920000001 0.7501982555 0.6147959184999999 0.7351308485 0.6147959184999999
0 0.7850911975 0.5841836735 0.7351308485 0.5841836735 0.7351308485 0.6147959184999999 0.7850911975 0.6147959184999999 0.7850911975 0.5841836735
0 0.897700238 0.37142857149999997 0.742268041 0.37142857149999997 0.742268041 0.3795918365 0.897700238 0.3795918365 0.897700238 0.37142857149999997
0 0.742268041 0.37142857149999997 0.6542426645 0.37142857149999997 0.6542426645 0.376020408 0.742268041 0.376020408 0.742268041 0.37142857149999997
0 0.6542426645 0.1770408165 0.6542426645 0.376020408 0.6613798575 0.376020408 0.6613798575 0.1770408165 0.6542426645 0.1770408165
0 0.882632831 0.1770408165 0.882632831 0.376020408 0.897700238 0.376020408 0.897700238 0.1770408165 0.882632831 0.1770408165
0 0.7351308485 0.4545918365 0.7351308485 0.46224489799999996 0.897700238 0.46224489799999996 0.897700238 0.4545918365 0.7351308485 0.4545918365
0 0.742268041 0.4545918365 0.7351308485 0.4545918365 0.7351308485 0.5841836735 0.742268041 0.5841836735 0.742268041 0.4545918365
0 0.7470261695 0.376020408 0.7351308485 0.376020408 0.7351308485 0.46224489799999996 0.7470261695 0.46224489799999996 0.7470261695 0.376020408
0 0.897700238 0.376020408 0.8770816810000001 0.376020408 0.8770816810000001 0.46224489799999996 0.897700238 0.46224489799999996 0.897700238 0.376020408
0 0.8969072165 0.46224489799999996 0.8818398095 0.46224489799999996 0.8818398095 0.624489796 0.8969072165 0.624489796 0.8969072165 0.46224489799999996
0 0.5979381445 0.681122449 0.5908009515 0.681122449 0.5908009515 0.7234693879999999 0.5979381445 0.7234693879999999 0.5979381445 0.681122449
0 0.5987311654999999 0.5295918365 0.591593973 0.5295918365 0.591593973 0.6219387755 0.5987311654999999 0.6219387755 0.5987311654999999 0.5295918365