0 0.4875 0.255 0.7075 0.03175
0 0.81975 0.131 0.0345 0.2135
0 0.177 0.1385 0.03025 0.19875
0 0.19625 0.58425 0.1295 0.0415
0 0.44775 0.57025 0.123 0.011
0 0.64275 0.7 0.397 0.01225
0 0.754 0.7195 0.179 0.02925
0 0.1975 0.72075 0.11875 0.0195
0 0.34075 0.88475 0.22875 0.01825
0 0.64825 0.8805 0.39475 0.0245
0 0.82075 0.8 0.04525 0.13425
0 0.454 0.786 0.02375 0.16475
0 0.24375 0.8025 0.0345 0.144
0 0.15325 0.6585 0.03875 0.105
0 0.49825 0.63425 0.0215 0.117
0 0.823 0.48425 0.03675 0.4245
0 0.15 0.417 0.03675 0.29025