0 0.57425 0.16875 0.62725 0.0115
0 0.867 0.5305 0.015 0.756
0 0.57575 0.89125 0.62375 0.0115
0 0.28575 0.743 0.015 0.32925
0 0.03975 0.4025 0.015 0.37475
0 0.28575 0.18925 0.015 0.0745
0 0.16275 0.22075 0.261 0.0115
0 0.16275 0.58425 0.261 0.0115
0 0.28575 0.4025 0.015 0.352
0 0.16275 0.398 0.23075 0.0115
0 0.03975 0.215 0.015 0.02275
0 0.02475 0.22075 0.015 0.0115
0 0.03975 0.58925 0.015 0.02225
0 0.025 0.58425 0.01425 0.0115
0 0.7595 0.3435 0.256 0.0115
0 0.604 0.31375 0.06875 0.07125
0 0.5175 0.3105 0.10975 0.06475
0 0.47025 0.345 0.015 0.01575
0 0.36925 0.347 0.2165 0.0115
0 0.571 0.22975 0.015 0.11075
0 0.5495 0.37725 0.17625 0.07875
0 0.46625 0.5 0.01 0.176
0 0.59025 0.58425 0.25875 0.0075
0 0.8055 0.5815 0.17125 0.013
0 0.7155 0.4685 0.0085 0.239
0 0.29775 0.584 0.00925 0.0115
0 0.57525 0.60175 0.10825 0.02775
0 0.591 0.47975 0.24025 0.0075
0 0.5965 0.53175 0.0085 0.09675