0 0.58625 0.75425 0.639 0.02325
0 0.27425 0.60675 0.01525 0.31925
0 0.19325 0.45875 0.17775 0.02325
0 0.112 0.31525 0.01575 0.30925
0 0.27975 0.30375 0.0045 0.286
0 0.456 0.17225 0.703 0.02325
0 0.8565 0.17475 0.09825 0.028
0 0.8565 0.414 0.09825 0.00675
0 0.89625 0.241 0.0185 0.16075
0 0.89775 0.54375 0.01525 0.44475
0 0.80975 0.36925 0.0045 0.096
0 0.81075 0.241 0.0065 0.16075
0 0.8565 0.31525 0.09825 0.012
0 0.54475 0.37925 0.53425 0.00675
0 0.7295 0.46325 0.0045 0.60525
0 0.65725 0.27175 0.0045 0.222
0 0.69325 0.257 0.07675 0.00675
0 0.46425 0.27175 0.0045 0.222
0 0.8165 0.53425 0.1785 0.00675
0 0.6255 0.48375 0.03125 0.008
0 0.63875 0.62275 0.0045 0.28675
0 0.474 0.386 0.06625 0.00675