0 0.299 0.4215 0.00925 0.791
0 0.49975 0.81075 0.4105 0.0125
0 0.70025 0.51875 0.00925 0.5955
0 0.689 0.187 0.031 0.068
0 0.70025 0.08975 0.00925 0.1275
0 0.49975 0.032 0.4105 0.0125
0 0.385 0.30825 0.18125 0.0125
0 0.48825 0.32925 0.02525 0.05475
0 0.60275 0.30825 0.20425 0.0125
0 0.59775 0.17025 0.00925 0.2885
0 0.64875 0.15975 0.11225 0.0125
0 0.44725 0.49675 0.3055 0.0125
0 0.5335 0.40225 0.00925 0.20125
0 0.5625 0.43725 0.06675 0.0125
0 0.59125 0.467 0.00925 0.072
0 0.59125 0.64325 0.00925 0.10825
0 0.48025 0.3355 0.00925 0.067
0 0.50675 0.363 0.0625 0.0125