0 0.1332781455 0.1132897605 0.1332781455 0.13725490199999998 0.9701986755 0.13725490199999998 0.9701986755 0.1132897605 0.1332781455 0.1132897605
0 0.9528145695 0.1132897605 0.9528145695 0.9008714595 0.97102649 0.9008714595 0.97102649 0.1132897605 0.9528145695 0.1132897605
0 0.48675496700000004 0.8769063180000001 0.48675496700000004 0.9008714595 0.97102649 0.9008714595 0.97102649 0.8769063180000001 0.48675496700000004 0.8769063180000001
0 0.48675496700000004 0.48583877999999997 0.48675496700000004 0.9008714595 0.5049668875 0.9008714595 0.5049668875 0.48583877999999997 0.48675496700000004 0.48583877999999997
0 0.132450331 0.48583877999999997 0.132450331 0.5098039215 0.504139073 0.5098039215 0.504139073 0.48583877999999997 0.132450331 0.48583877999999997
0 0.1332781455 0.1132897605 0.1332781455 0.5098039215 0.151490066 0.5098039215 0.151490066 0.1132897605 0.1332781455 0.1132897605
0 0.1332781455 0.48583877999999997 0.0298013245 0.48583877999999997 0.0298013245 0.5098039215 0.1332781455 0.5098039215 0.1332781455 0.48583877999999997
0 0.1332781455 0.1132897605 0.0298013245 0.1132897605 0.0298013245 0.13725490199999998 0.1332781455 0.13725490199999998 0.1332781455 0.1132897605
0 0.6225165564999999 0.48583877999999997 0.6225165564999999 0.9008714595 0.6316225165 0.9008714595 0.6316225165 0.48583877999999997 0.6225165564999999 0.48583877999999997
0 0.6225165564999999 0.48583877999999997 0.6225165564999999 0.49782135099999997 0.97102649 0.49782135099999997 0.97102649 0.48583877999999997 0.6225165564999999 0.48583877999999997
0 0.6216887415 0.1132897605 0.6216887415 0.38344226600000003 0.630794702 0.38344226600000003 0.630794702 0.1132897605 0.6216887415 0.1132897605
0 0.495860927 0.37145969500000003 0.495860927 0.38344226600000003 0.630794702 0.38344226600000003 0.630794702 0.37145969500000003 0.495860927 0.37145969500000003
0 0.495860927 0.1132897605 0.495860927 0.38344226600000003 0.5049668875 0.38344226600000003 0.5049668875 0.1132897605 0.495860927 0.1132897605
0 0.8129139075 0.48583877999999997 0.7756622515 0.48583877999999997 0.7756622515 0.6808278864999999 0.8129139075 0.6808278864999999 0.8129139075 0.48583877999999997
0 0.6216887415 0.6677559915000001 0.6216887415 0.679738562 0.8120860925 0.679738562 0.8120860925 0.6677559915000001 0.6216887415 0.6677559915000001