0 0.13225 0.36775 0.01875 0.218
0 0.324 0.46675 0.4015 0.01925
0 0.51625 0.60075 0.017 0.28675
0 0.63225 0.7345 0.249 0.01925
0 0.749 0.82825 0.01575 0.2065
0 0.84575 0.92275 0.209 0.01775
0 0.94225 0.48675 0.01575 0.88925
0 0.72825 0.05075 0.443 0.01775
0 0.51475 0.15925 0.01575 0.23425
0 0.32275 0.2675 0.3995 0.01775
0 0.51725 0.367 0.01075 0.181
0 0.75275 0.3925 0.0095 0.665
0 0.846 0.654 0.177 0.0085
0 0.846 0.35725 0.177 0.0085
0 0.6815 0.47025 0.13225 0.00775
0 0.619 0.56325 0.007 0.1945
0 0.6815 0.65675 0.13225 0.007
0 0.8125 0.62925 0.00625 0.04125
0 0.50525 0.2835 0.0345 0.015