0 0.932675045 0.099022005 0.932675045 0.0733496335 0.182226212 0.0733496335 0.182226212 0.099022005 0.932675045 0.099022005
0 0.2010771995 0.8618581905 0.2010771995 0.0733496335 0.182226212 0.0733496335 0.182226212 0.8618581905 0.2010771995 0.8618581905
0 0.932675045 0.8606356970000001 0.932675045 0.838630807 0.182226212 0.838630807 0.182226212 0.8606356970000001 0.932675045 0.8606356970000001
0 0.933572711 0.8618581905 0.933572711 0.0733496335 0.9165170555 0.0733496335 0.9165170555 0.8618581905 0.933572711 0.8618581905
0 0.932675045 0.4523227385 0.932675045 0.4400977995 0.182226212 0.4400977995 0.182226212 0.4523227385 0.932675045 0.4523227385
0 0.595152603 0.8618581905 0.604129264 0.8618581905 0.604129264 0.4413202935 0.595152603 0.4413202935 0.595152603 0.8618581905
0 0.7818671455 0.8618581905 0.7908438059999999 0.8618581905 0.7908438059999999 0.4413202935 0.7818671455 0.4413202935 0.7818671455 0.8618581905
0 0.7818671455 0.6039119805000001 0.933572711 0.6039119805000001 0.933572711 0.5916870415 0.7818671455 0.5916870415 0.7818671455 0.6039119805000001
0 0.904847397 0.7359413204999999 0.9165170555 0.7359413204999999 0.9165170555 0.6919315404999999 0.904847397 0.6919315404999999 0.904847397 0.7359413204999999
0 0.700179533 0.4535452325 0.7091561940000001 0.4535452325 0.7091561940000001 0.0733496335 0.700179533 0.0733496335 0.700179533 0.4535452325
0 0.18132854599999998 0.4523227385 0.18132854599999998 0.4400977995 0.0341113105 0.4400977995 0.0341113105 0.4523227385 0.18132854599999998 0.4523227385
0 0.0430879715 0.4535452325 0.0430879715 0.09779951099999999 0.0341113105 0.09779951099999999 0.0341113105 0.4535452325 0.0430879715 0.4535452325
0 0.18132854599999998 0.108801956 0.18132854599999998 0.096577017 0.0341113105 0.096577017 0.0341113105 0.108801956 0.18132854599999998 0.108801956