0 0.147133758 0.883472057 0.147133758 0.9013079665 0.4363057325 0.9013079665 0.4363057325 0.883472057 0.147133758 0.883472057
0 0.468789809 0.8026159334999999 0.436942675 0.8026159334999999 0.436942675 0.9024970274999999 0.468789809 0.9024970274999999 0.468789809 0.8026159334999999
0 0.5700636945 0.8751486325 0.468789809 0.8751486325 0.468789809 0.9013079665 0.5700636945 0.9013079665 0.5700636945 0.8751486325
0 0.8464968155 0.883472057 0.5700636945 0.883472057 0.5700636945 0.9024970274999999 0.8464968155 0.9024970274999999 0.8464968155 0.883472057
0 0.8305732485 0.089179548 0.8305732485 0.9024970274999999 0.8464968155 0.9024970274999999 0.8464968155 0.089179548 0.8305732485 0.089179548
0 0.5159235670000001 0.089179548 0.5159235670000001 0.105826397 0.8464968155 0.105826397 0.8464968155 0.089179548 0.5159235670000001 0.089179548
0 0.436942675 0.089179548 0.436942675 0.13793103450000002 0.5159235670000001 0.13793103450000002 0.5159235670000001 0.089179548 0.436942675 0.089179548
0 0.147133758 0.0879904875 0.147133758 0.1046373365 0.4363057325 0.1046373365 0.4363057325 0.0879904875 0.147133758 0.0879904875
0 0.147133758 0.089179548 0.147133758 0.9024970274999999 0.159235669 0.9024970274999999 0.159235669 0.089179548 0.147133758 0.089179548
0 0.147133758 0.8846611175000001 0.049044586 0.8846611175000001 0.049044586 0.9024970274999999 0.147133758 0.9024970274999999 0.147133758 0.8846611175000001
0 0.147133758 0.089179548 0.049044586 0.089179548 0.049044586 0.105826397 0.147133758 0.105826397 0.147133758 0.089179548
0 0.510191083 0.089179548 0.510191083 0.305588585 0.5159235670000001 0.305588585 0.5159235670000001 0.089179548 0.510191083 0.089179548
0 0.5159235670000001 0.294887039 0.5159235670000001 0.305588585 0.63566879 0.305588585 0.63566879 0.294887039 0.5159235670000001 0.294887039
0 0.6299363055 0.294887039 0.6299363055 0.4137931035 0.63566879 0.4137931035 0.63566879 0.294887039 0.6299363055 0.294887039
0 0.6299363055 0.40309155750000003 0.6299363055 0.4137931035 0.8305732485 0.4137931035 0.8305732485 0.40309155750000003 0.6299363055 0.40309155750000003
0 0.5968152864999999 0.1046373365 0.5910828025 0.1046373365 0.5910828025 0.29369797849999996 0.5968152864999999 0.29369797849999996 0.5968152864999999 0.1046373365
0 0.4363057325 0.0879904875 0.4363057325 0.30439952449999996 0.44203821649999997 0.30439952449999996 0.44203821649999997 0.089179548 0.4363057325 0.0879904875
0 0.5159235670000001 0.294887039 0.442675159 0.294887039 0.442675159 0.305588585 0.5159235670000001 0.305588585 0.5159235670000001 0.294887039
0 0.442675159 0.305588585 0.436942675 0.305588585 0.436942675 0.424494649 0.442675159 0.424494649 0.442675159 0.305588585
0 0.280254777 0.412604043 0.280254777 0.4233055885 0.442675159 0.4233055885 0.442675159 0.412604043 0.280254777 0.412604043
0 0.782802548 0.412604043 0.782802548 0.607609988 0.789808917 0.607609988 0.789808917 0.412604043 0.782802548 0.412604043
0 0.7834394905000001 0.5957193815 0.7834394905000001 0.6087990489999999 0.8305732485 0.6087990489999999 0.8305732485 0.5957193815 0.7834394905000001 0.5957193815
0 0.7146496815000001 0.5303210465 0.7146496815000001 0.5434007135000001 0.782802548 0.5434007135000001 0.782802548 0.5303210465 0.7146496815000001 0.5303210465
0 0.7146496815000001 0.5303210465 0.7146496815000001 0.607609988 0.7210191085000001 0.607609988 0.7210191085000001 0.5303210465 0.7146496815000001 0.5303210465
0 0.6305732485 0.5957193815 0.6305732485 0.607609988 0.7216560510000001 0.607609988 0.7216560510000001 0.5957193815 0.6305732485 0.5957193815
0 0.6305732485 0.5303210465 0.6305732485 0.607609988 0.636942675 0.607609988 0.636942675 0.5303210465 0.6305732485 0.5303210465
0 0.436942675 0.5303210465 0.436942675 0.542211653 0.636942675 0.542211653 0.636942675 0.5303210465 0.436942675 0.5303210465
0 0.443312102 0.5303210465 0.436942675 0.5303210465 0.436942675 0.9024970274999999 0.443312102 0.9024970274999999 0.443312102 0.5303210465
0 0.5700636945 0.7158145065 0.443312102 0.7158145065 0.443312102 0.727705113 0.5700636945 0.727705113 0.5700636945 0.7158145065
0 0.5636942675000001 0.542211653 0.5636942675000001 0.9024970274999999 0.5700636945 0.9024970274999999 0.5700636945 0.542211653 0.5636942675000001 0.542211653
0 0.947133758 0.089179548 0.8464968155 0.089179548 0.8464968155 0.105826397 0.947133758 0.105826397 0.947133758 0.089179548
0 0.331847134 0.30796670649999996 0.29235668800000003 0.30796670649999996 0.29235668800000003 0.318668252 0.331847134 0.318668252 0.331847134 0.30796670649999996