0 0.040102389 0.9859594385 0.040102389 0.07488299550000001 0.023890785 0.07488299550000001 0.023890785 0.9859594385 0.040102389 0.9859594385
0 0.895904437 0.0912636505 0.895904437 0.074102964 0.023890785 0.074102964 0.023890785 0.0912636505 0.895904437 0.0912636505
0 0.896757679 0.9859594385 0.896757679 0.07488299550000001 0.8796928329999999 0.07488299550000001 0.8796928329999999 0.9859594385 0.896757679 0.9859594385
0 0.896757679 0.9859594385 0.896757679 0.9703588144999999 0.6305460749999999 0.9703588144999999 0.6305460749999999 0.9859594385 0.896757679 0.9859594385
0 0.649317406 0.985179407 0.649317406 0.89625585 0.6296928329999999 0.89625585 0.6296928329999999 0.985179407 0.649317406 0.985179407
0 0.6501706485 0.9157566305 0.6501706485 0.8970358814999999 0.5366894200000001 0.8970358814999999 0.5366894200000001 0.9157566305 0.6501706485 0.9157566305
0 0.5554607509999999 0.985179407 0.5554607509999999 0.89625585 0.5358361775 0.89625585 0.5358361775 0.985179407 0.5554607509999999 0.985179407
0 0.556313993 0.9859594385 0.556313993 0.9703588144999999 0.023890785 0.9703588144999999 0.023890785 0.9859594385 0.556313993 0.9859594385
0 0.5366894200000001 0.8970358814999999 0.5426621159999999 0.8970358814999999 0.5426621159999999 0.6723868955000001 0.5366894200000001 0.6723868955000001 0.5366894200000001 0.8970358814999999
0 0.5418088735 0.678627145 0.5418088735 0.6723868955000001 0.21331058 0.6723868955000001 0.21331058 0.678627145 0.5418088735 0.678627145
0 0.220136519 0.6778471140000001 0.220136519 0.4212168485 0.21331058 0.4212168485 0.21331058 0.6778471140000001 0.220136519 0.6778471140000001
0 0.040102389 0.4290171605 0.529863481 0.4290171605 0.529863481 0.422776911 0.040102389 0.422776911 0.040102389 0.4290171605
0 0.220136519 0.5858034320000001 0.529010239 0.5858034320000001 0.529010239 0.5795631825 0.220136519 0.5795631825 0.220136519 0.5858034320000001
0 0.4667235495 0.5795631825 0.4726962455 0.5795631825 0.4726962455 0.4290171605 0.4667235495 0.4290171605 0.4667235495 0.5795631825
0 0.644197952 0.8970358814999999 0.6501706485 0.8970358814999999 0.6501706485 0.46255850249999997 0.644197952 0.46255850249999997 0.644197952 0.8970358814999999
0 0.6501706485 0.5140405615 0.8796928329999999 0.5140405615 0.8796928329999999 0.507800312 0.6501706485 0.507800312 0.6501706485 0.5140405615
0 0.6501706485 0.6723868955000001 0.744027304 0.6723868955000001 0.744027304 0.6677067085 0.6501706485 0.6677067085 0.6501706485 0.6723868955000001
0 0.744027304 0.6723868955000001 0.744027304 0.5140405615 0.73890785 0.5140405615 0.73890785 0.6723868955000001 0.744027304 0.6723868955000001
0 0.8796928329999999 0.6224648985 0.8796928329999999 0.61700468 0.744027304 0.61700468 0.744027304 0.6224648985 0.8796928329999999 0.6224648985
0 0.5426621159999999 0.79875195 0.644197952 0.79875195 0.644197952 0.7925117005 0.5426621159999999 0.7925117005 0.5426621159999999 0.79875195
0 0.3020477815 0.9703588144999999 0.30802047800000004 0.9703588144999999 0.30802047800000004 0.678627145 0.3020477815 0.678627145 0.3020477815 0.9703588144999999
0 0.040102389 0.6154446179999999 0.21331058 0.6154446179999999 0.21331058 0.6099843994999999 0.040102389 0.6099843994999999 0.040102389 0.6154446179999999
0 0.7508532425 0.5140405615 0.7568259385 0.5140405615 0.7568259385 0.46255850249999997 0.7508532425 0.46255850249999997 0.7508532425 0.5140405615