0 0.4155 0.75425 0.2825 0.01225
0 0.55125 0.63825 0.0115 0.21675
0 0.28025 0.6255 0.01425 0.2495
0 0.34525 0.49825 0.14425 0.0095
0 0.4135 0.5085 0.009 0.0095
0 0.478 0.51975 0.13875 0.0125
0 0.666 0.5215 0.24075 0.0165
0 0.8185 0.464 0.09725 0.01825
0 0.7775 0.4935 0.01725 0.04
0 0.8585 0.343 0.0185 0.21975
0 0.727 0.224 0.2805 0.0185
0 0.59675 0.155 0.01725 0.11725
0 0.441 0.089 0.3295 0.019
0 0.462 0.1215 0.00525 0.04625
0 0.4485 0.14725 0.0315 0.006
0 0.43525 0.17475 0.00375 0.0455
0 0.449 0.19975 0.03025 0.005
0 0.46125 0.224 0.00375 0.044
0 0.4885 0.24925 0.059 0.00525
0 0.28375 0.279 0.01525 0.0995
0 0.28375 0.4135 0.01625 0.163
0 0.32875 0.33075 0.10675 0.00525
0 0.37875 0.31475 0.00475 0.0265
0 0.4205 0.3165 0.0045 0.1055
0 0.40025 0.32425 0.03725 0.0055
0 0.54975 0.22975 0.0755 0.006
0 0.51375 0.239 0.0055 0.014
0 0.28425 0.16 0.0155 0.1245
0 0.4875 0.2895 0.00625 0.07475
0 0.475 0.3715 0.12325 0.00575
0 0.46175 0.35025 0.003 0.03825
0 0.388085612 0.22929243500000002 0.3904516445 0.223245918 0.2762656065 0.222350405 0.275830495 0.22846790949999998 0.388085612 0.22929243500000002
0 0.417266682 0.259525046 0.422787425 0.25815083299999997 0.38992586749999997 0.223245918 0.3886113885 0.230116961 0.417266682 0.259525046
0 0.35675 0.24625 0.00475 0.0335
0 0.40975 0.26075 0.02775 0.0035
0 0.404647841 0.2587005205 0.4091170055 0.25897535850000003 0.4091170055 0.250730102 0.4040762575 0.247071265 0.404647841 0.2587005205
0 0.39649816449999997 0.2312163365 0.3993899985 0.23506411449999998 0.43277733349999997 0.201258563 0.432084147 0.192685373 0.39649816449999997 0.2312163365
0 0.4575 0.41175 0.088 0.0055
0 0.4995 0.39225 0.00525 0.0355
0 0.416 0.3915 0.00475 0.03475
0 0.47375 0.46425 0.0045 0.099
0 0.416 0.454 0.0045 0.07825
0 0.622 0.4645 0.004 0.0985
0 0.6586948355 0.29110353149999996 0.6586948355 0.2328370605 0.6542256705 0.2328370605 0.6545693545 0.285388599 0.6586948355 0.29110353149999996
0 0.622152766 0.3323298135 0.6142659905000001 0.32683298450000003 0.459422296 0.3257336085 0.459422296 0.3309556125 0.622152766 0.3323298135