0 0.91725 0.504 0.03875 0.4685
0 0.491 0.27575 0.89125 0.01125
0 0.47925 0.637 0.00775 0.20275
0 0.70625 0.53775 0.4605 0.00475
0 0.491 0.467 0.89125 0.00425
0 0.4425 0.3695 0.01175 0.199
0 0.601 0.5045 0.009 0.0715
0 0.2685 0.561 0.013 0.184
0 0.18375 0.729 0.27825 0.0185
0 0.63 0.732 0.61325 0.01275
0 0.28325 0.64975 0.04275 0.0065
0 0.394 0.64875 0.1785 0.00475
0 0.31425 0.68575 0.018 0.0795
0 0.05825 0.4615 0.02725 0.383
0 0.064 0.69575 0.03875 0.085
0 0.17325 0.64975 0.203 0.0065
0 0.15975 0.52475 0.23025 0.00425
0 0.91325 0.176 0.0465 0.18775
0 0.05825 0.85275 0.00775 0.22875
0 0.1675 0.96575 0.2265 0.00275
0 0.27675 0.88575 0.00775 0.163
0 0.1675 0.80575 0.2265 0.00275