0 0.56075 0.02475 0.85425 0.0185
0 0.97975 0.462 0.01625 0.89275
0 0.7245 0.8985 0.52675 0.0195
0 0.467 0.8455 0.012 0.12575
0 0.2485 0.79175 0.44875 0.0195
0 0.03325 0.61475 0.0175 0.37375
0 0.08625 0.448 0.124 0.04025
0 0.141 0.24225 0.01475 0.45225
0 0.079 0.0265 0.1095 0.022
0 0.33175 0.45725 0.36675 0.022
0 0.35825 0.624 0.00625 0.35525
0 0.46975 0.61425 0.00625 0.33575
0 0.45825 0.74575 0.0175 0.07275
0 0.58775 0.78425 0.0055 0.24925
0 0.6595 0.66425 0.14925 0.00925
0 0.7315 0.789 0.0055 0.24
0 0.7315 0.55525 0.0055 0.22725
0 0.657 0.45225 0.143 0.02075
0 0.858 0.45225 0.25875 0.02075
0 0.58825 0.23925 0.00625 0.44625
0 0.58825 0.4895 0.00625 0.09575
0 0.705 0.6915 0.05825 0.04375
0 0.756 0.8615 0.04275 0.05425