0 0.58325 0.24775 0.73075 0.03925
0 0.93225 0.60275 0.03275 0.749
0 0.72175 0.968 0.4535 0.0185
0 0.3475 0.96375 0.29525 0.02725
0 0.217 0.90875 0.03425 0.13675
0 0.20875 0.53425 0.0245 0.61225
0 0.26925 0.84775 0.13875 0.0145
0 0.4265 0.844 0.17775 0.00725
0 0.50575 0.90875 0.02125 0.13675
0 0.5465 0.84575 0.10275 0.0105
0 0.588 0.75025 0.0195 0.2015
0 0.398 0.654 0.398 0.0095
0 0.13875 0.24775 0.15975 0.03925
0 0.0685 0.15825 0.0195 0.21825
0 0.938 0.157 0.02125 0.2205
0 0.89225 0.05275 0.1125 0.012
0 0.628 0.05275 0.0735 0.012