0 0.2675 0.85925 0.37125 0.01925
0 0.44575 0.75325 0.0145 0.23125
0 0.4635 0.647 0.05025 0.01875
0 0.49875 0.585 0.0405 0.1425
0 0.49925 0.44475 0.03975 0.1425
0 0.46375 0.38225 0.04975 0.0175
0 0.4455 0.276 0.013 0.23025
0 0.2665 0.1705 0.3715 0.01925
0 0.088 0.2765 0.01475 0.23125
0 0.07025 0.38225 0.05025 0.01975
0 0.03525 0.444 0.041 0.143
0 0.0355 0.5855 0.0415 0.14125
0 0.07025 0.647 0.04925 0.018
0 0.0885 0.75325 0.0135 0.23125
0 0.13725 0.38875 0.1135 0.007
0 0.26075 0.3875 0.13325 0.00925
0 0.38975 0.3885 0.125 0.0075
0 0.27275 0.258 0.0065 0.1945
0 0.14975 0.34425 0.00475 0.09575
0 0.1595 0.27675 0.024 0.041
0 0.2225 0.259 0.107 0.00525
0 0.1165 0.29925 0.0715 0.0065
0 0.18325 0.21125 0.00575 0.101
0 0.38675 0.641 0.13275 0.007
0 0.3235 0.69125 0.0065 0.1075
0 0.38675 0.7415 0.13275 0.0065
0 0.29575 0.7415 0.062 0.0065
0 0.26825 0.80375 0.0075 0.13075
0 0.26825 0.72675 0.0075 0.03625
0 0.21875 0.712 0.1065 0.0075
0 0.168 0.73625 0.00525 0.0555
0 0.12625 0.7605 0.089 0.0065
0 0.12625 0.64125 0.089 0.0075
0 0.168 0.67675 0.00525 0.07825
0 0.2245 0.4895 0.00775 0.21325