0 0.36 0.0605 0.66675 0.057
0 0.8795 0.053 0.0655 0.04525
0 0.77975 0.461 0.26225 0.05875
0 0.46875 0.84525 0.8845 0.0285
0 0.47575 0.8235 0.067 0.0185
0 0.08925 0.82175 0.12275 0.02175
0 0.16675 0.56925 0.27475 0.0135
0 0.50225 0.5935 0.145 0.0185
0 0.47025 0.74875 0.07525 0.01
0 0.03775 0.324 0.025 0.47
0 0.29525 0.28625 0.01575 0.19975
0 0.2955 0.5225 0.016 0.08
0 0.03825 0.695 0.0245 0.2375
0 0.29575 0.70425 0.01075 0.25475
0 0.287 0.7915 0.00675 0.07575
0 0.50175 0.6735 0.01525 0.1385
0 0.5015 0.78375 0.016 0.0615
0 0.88825 0.66 0.04525 0.34225
0 0.6705 0.26 0.0435 0.34225