0 0.51375 0.247 0.8405 0.01925
0 0.92625 0.5115 0.01525 0.54825
0 0.514 0.776 0.84 0.01925
0 0.10125 0.5115 0.01525 0.54825
0 0.3105 0.5115 0.006 0.54825
0 0.20375 0.47425 0.2195 0.00775
0 0.25825 0.60175 0.11025 0.00775
0 0.206 0.62375 0.006 0.05125
0 0.15125 0.6455 0.11525 0.00775
0 0.206 0.53825 0.006 0.1355
0 0.3245 0.5245 0.02175 0.08575
0 0.39425 0.54525 0.006 0.0445
0 0.711 0.5135 0.445 0.00775
0 0.71675 0.377 0.006 0.2795
0 0.774 0.6475 0.006 0.2765
0 0.59025 0.5355 0.006 0.05275
0 0.606 0.55825 0.037 0.00775
0 0.6225 0.70875 0.006 0.154
0 0.69825 0.66375 0.15775 0.00775
0 0.68825 0.72275 0.006 0.1255