0 0.557 0.08525 0.843 0.02925
0 0.96975 0.42075 0.01775 0.7
0 0.763 0.75675 0.43025 0.028
0 0.556 0.8335 0.01625 0.18175
0 0.34975 0.9115 0.429 0.02675
0 0.14375 0.4975 0.01625 0.855
0 0.08075 0.08425 0.10975 0.02675
0 0.08075 0.519 0.10975 0.02675
0 0.35325 0.519 0.40375 0.02675
0 0.5515 0.6245 0.0075 0.2365
0 0.551 0.48475 0.00825 0.095
0 0.551 0.17875 0.00825 0.15725
0 0.61525 0.2505 0.13625 0.0135
0 0.67925 0.19625 0.00825 0.122
0 0.66325 0.103 0.03925 0.06475
0 0.67925 0.50725 0.00825 0.52675
0 0.76225 0.6385 0.00825 0.26475
0 0.72075 0.5365 0.091 0.06225
0 0.86825 0.5195 0.22 0.028