0 0.9064837905 0.203533026 0.9064837905 0.17357910899999998 0.09476309249999999 0.17357910899999998 0.09476309249999999 0.203533026 0.9064837905 0.203533026
0 0.9052369075000001 0.9216589860000001 0.9052369075000001 0.17357910899999998 0.862842893 0.17357910899999998 0.862842893 0.9216589860000001 0.9052369075000001 0.9216589860000001
0 0.9064837905 0.9224270354999999 0.9064837905 0.910138249 0.09476309249999999 0.910138249 0.09476309249999999 0.9224270354999999 0.9064837905 0.9224270354999999
0 0.512468828 0.9224270354999999 0.524937656 0.9224270354999999 0.524937656 0.5706605225 0.512468828 0.5706605225 0.512468828 0.9224270354999999
0 0.9064837905 0.5814132104999999 0.9064837905 0.5706605225 0.512468828 0.5706605225 0.512468828 0.5814132104999999 0.9064837905 0.5814132104999999
0 0.09476309249999999 0.8049155145 0.1945137155 0.8049155145 0.1945137155 0.7741935485 0.09476309249999999 0.7741935485 0.09476309249999999 0.8049155145
0 0.1945137155 0.8049155145 0.372817955 0.8049155145 0.372817955 0.7972350229999999 0.1945137155 0.7972350229999999 0.1945137155 0.8049155145
0 0.372817955 0.441628264 0.372817955 0.4293394775 0.09476309249999999 0.4293394775 0.09476309249999999 0.441628264 0.372817955 0.441628264
0 0.23566084799999998 0.585253456 0.23566084799999998 0.5729646695 0.0935162095 0.5729646695 0.0935162095 0.585253456 0.23566084799999998 0.585253456
0 0.3715710725 0.5806451615 0.3715710725 0.5729646695 0.23566084799999998 0.5729646695 0.23566084799999998 0.5806451615 0.3715710725 0.5806451615
0 0.09476309249999999 0.441628264 0.1159601 0.441628264 0.1159601 0.17357910899999998 0.09476309249999999 0.17357910899999998 0.09476309249999999 0.441628264
0 0.114713217 0.9216589860000001 0.114713217 0.5729646695 0.0935162095 0.5729646695 0.0935162095 0.9216589860000001 0.114713217 0.9216589860000001
0 0.09476309249999999 0.573732719 0.12967581050000002 0.573732719 0.12967581050000002 0.441628264 0.09476309249999999 0.441628264 0.09476309249999999 0.573732719
0 0.372817955 0.8049155145 0.372817955 0.573732719 0.360349127 0.573732719 0.360349127 0.8049155145 0.372817955 0.8049155145
0 0.349127182 0.5729646695 0.3715710725 0.5729646695 0.3715710725 0.4285714285 0.349127182 0.4285714285 0.349127182 0.5729646695
0 0.09476309249999999 0.17357910899999998 0.1408977555 0.17357910899999998 0.1408977555 0.030721966 0.09476309249999999 0.030721966 0.09476309249999999 0.17357910899999998