0 0.204 0.1105 0.012 0.075
0 0.24525 0.136 0.0945 0.0235
0 0.28675 0.37875 0.0115 0.50875
0 0.32575 0.62325 0.0895 0.019
0 0.36575 0.68175 0.00925 0.13575
0 0.2745 0.74 0.19225 0.019
0 0.183 0.68025 0.00925 0.1385
0 0.127 0.62325 0.12125 0.0245
0 0.07275 0.49075 0.0125 0.2895
0 0.06625 0.35925 0.02575 0.02575
0 0.06475 0.3435 0.023 0.057
0 0.062 0.3035 0.01725 0.024
0 0.06675 0.3035 0.027 0.024
0 0.0745 0.19425 0.01175 0.2425
0 0.13925 0.08525 0.1415 0.024
0 0.23425 0.62175 0.0935 0.02175
0 0.56825 0.14275 0.234 0.023
0 0.6805 0.11825 0.0095 0.072
0 0.74325 0.09325 0.13525 0.02175
0 0.806 0.11875 0.00975 0.07325
0 0.848 0.14525 0.094 0.02
0 0.8895 0.2485 0.01125 0.22575
0 0.93025 0.351 0.09275 0.02075
0 0.9715 0.49025 0.01 0.299
0 0.9305 0.6285 0.09225 0.02225
0 0.8715 0.625 0.02575 0.02975
0 0.76275 0.62825 0.1915 0.023
0 0.672 0.6515 0.01 0.06975
0 0.62575 0.676 0.10225 0.02075
0 0.58 0.65 0.01075 0.07275
0 0.51825 0.62475 0.134 0.02175
0 0.4565 0.5115 0.01075 0.24825
0 0.4575 0.328 0.0125 0.1185
0 0.457 0.2 0.0115 0.1375
0 0.8715 0.35775 0.02475 0.00725
0 0.8605 0.497 0.00375 0.28575
0 0.9175 0.543 0.118 0.00675
0 0.9205 0.58975 0.00325 0.1
0 0.6975 0.501 0.05575 0.00675
0 0.72375 0.56875 0.00325 0.142
0 0.72375 0.48025 0.003 0.04875
0 0.5835 0.52875 0.0035 0.17
0 0.612 0.447 0.0605 0.00625
0 0.65575 0.474 0.0295 0.061
0 0.6685 0.56875 0.00325 0.142
0 0.541 0.53975 0.003 0.19225
0 0.56225 0.53025 0.04575 0.00625
0 0.4975 0.38425 0.09225 0.00625
0 0.55975 0.36975 0.0335 0.03525
0 0.59425 0.35525 0.0365 0.00625
0 0.65975 0.35525 0.04575 0.00625
0 0.67575 0.3395 0.014 0.037
0 0.68125 0.301 0.003 0.04075
0 0.49225 0.272 0.0815 0.01175
0 0.53 0.2045 0.006 0.1465
0 0.531 0.32675 0.00375 0.12125
0 0.59475 0.24475 0.003 0.227
0 0.541 0.4155 0.003 0.06875
0 0.56225 0.4465 0.04575 0.00625
0 0.724 0.373 0.003 0.03925
0 0.76875 0.3565 0.09275 0.00625
0 0.97175 0.697 0.0095 0.1145
0 0.87975 0.7455 0.19375 0.018
0 0.787 0.735 0.00875 0.0385