0 0.191437309 0.0696812455 0.191437309 0.091178651 0.9681957185 0.091178651 0.9681957185 0.0696812455 0.191437309 0.0696812455
0 0.9504587155 0.0696812455 0.9504587155 0.923647146 0.9681957185 0.923647146 0.9681957185 0.0696812455 0.9504587155 0.0696812455
0 0.710091743 0.9021497405 0.710091743 0.923647146 0.9681957185 0.923647146 0.9681957185 0.9021497405 0.710091743 0.9021497405
0 0.710091743 0.829503336 0.710091743 0.923647146 0.727828746 0.923647146 0.727828746 0.829503336 0.710091743 0.829503336
0 0.1351681955 0.828762046 0.1351681955 0.8502594514999999 0.7272171255 0.8502594514999999 0.7272171255 0.828762046 0.1351681955 0.828762046
0 0.1351681955 0.48999258700000003 0.1351681955 0.8510007415 0.15290519900000002 0.8510007415 0.15290519900000002 0.48999258700000003 0.1351681955 0.48999258700000003
0 0.191437309 0.0696812455 0.191437309 0.404002965 0.20917431199999997 0.404002965 0.20917431199999997 0.0696812455 0.191437309 0.0696812455
0 0.194495413 0.390659748 0.1351681955 0.48999258700000003 0.149235474 0.5025945145 0.20917431199999997 0.404002965 0.194495413 0.390659748
0 0.703975535 0.091178651 0.694801223 0.091178651 0.694801223 0.828762046 0.703975535 0.828762046 0.703975535 0.091178651
0 0.9504587155 0.375833951 0.7045871560000001 0.375833951 0.7045871560000001 0.38695329850000004 0.9504587155 0.38695329850000004 0.9504587155 0.375833951
0 0.7743119265 0.6234247589999999 0.6850152905 0.6234247589999999 0.6850152905 0.6456634545 0.7743119265 0.6456634545 0.7743119265 0.6234247589999999
0 0.9504587155 0.6234247589999999 0.7743119265 0.6234247589999999 0.7743119265 0.6360266864999999 0.9504587155 0.6360266864999999 0.9504587155 0.6234247589999999
0 0.4556574925 0.3928836175 0.4464831805 0.3928836175 0.4464831805 0.829503336 0.4556574925 0.829503336 0.4556574925 0.3928836175
0 0.4458715595 0.3921423275 0.4458715595 0.4032616755 0.590825688 0.4032616755 0.590825688 0.3921423275 0.4458715595 0.3921423275
0 0.5822629970000001 0.3928836175 0.5822629970000001 0.829503336 0.591437309 0.829503336 0.591437309 0.3928836175 0.5822629970000001 0.3928836175
0 0.5822629970000001 0.6790214975 0.4556574925 0.6790214975 0.4556574925 0.6901408450000001 0.5822629970000001 0.6901408450000001 0.5822629970000001 0.6790214975
0 0.5822629970000001 0.4974054855 0.4556574925 0.4974054855 0.4556574925 0.5063009635 0.5822629970000001 0.5063009635 0.5822629970000001 0.4974054855
0 0.191437309 0.0696812455 0.1394495415 0.0696812455 0.1394495415 0.091178651 0.191437309 0.091178651 0.191437309 0.0696812455