0 0.652 0.06675 0.6605 0.033
0 0.96775 0.43375 0.0295 0.7685
0 0.5075 0.80725 0.9505 0.02125
0 0.04075 0.52725 0.01675 0.58175
0 0.3375 0.0965 0.031 0.09275
0 0.344 0.1995 0.0185 0.11325
0 0.19275 0.2465 0.321 0.01925
0 0.57475 0.96275 0.1705 0.01925
0 0.497 0.88475 0.01525 0.176
0 0.5105 0.82975 0.042 0.031
0 0.34625 0.628 0.62775 0.0065
0 0.34825 0.444 0.00925 0.37575
0 0.226 0.7215 0.00675 0.19325
0 0.066 0.5955 0.06725 0.06925
0 0.6525 0.43375 0.01525 0.7685
0 0.6525 0.8955 0.01525 0.15475
0 0.04 0.1435 0.01525 0.18675
0 0.17725 0.05925 0.29 0.01925