0 0.28686462 0.582949309 0.28686462 0.5714285714999999 0.0291897335 0.5714285714999999 0.0291897335 0.582949309 0.28686462 0.582949309
0 0.5213890285 0.37019969300000005 0.5213890285 0.35867895549999995 0.27931555100000005 0.35867895549999995 0.27931555100000005 0.37019969300000005 0.5213890285 0.37019969300000005
0 0.9904378460000001 0.9039938555 0.9904378460000001 0.8924731185000001 0.5138399594999999 0.8924731185000001 0.5138399594999999 0.9039938555 0.9904378460000001 0.9039938555
0 0.9904378460000001 0.904761905 0.9904378460000001 0.20506912449999998 0.982888777 0.20506912449999998 0.982888777 0.904761905 0.9904378460000001 0.904761905
0 0.9904378460000001 0.21658986200000002 0.9904378460000001 0.20506912449999998 0.5143432309999999 0.20506912449999998 0.5143432309999999 0.21658986200000002 0.9904378460000001 0.21658986200000002
0 0.5213890285 0.068356375 0.5213890285 0.056835637499999994 0.0291897335 0.056835637499999994 0.0291897335 0.068356375 0.5213890285 0.068356375
0 0.036738802 0.582949309 0.036738802 0.0576036865 0.0291897335 0.0576036865 0.0291897335 0.582949309 0.036738802 0.582949309
0 0.5218923 0.21658986200000002 0.5218923 0.0576036865 0.5143432309999999 0.0576036865 0.5143432309999999 0.21658986200000002 0.5218923 0.21658986200000002
0 0.5213890285 0.904761905 0.5213890285 0.35867895549999995 0.5138399594999999 0.35867895549999995 0.5138399594999999 0.904761905 0.5213890285 0.904761905
0 0.28686462 0.582949309 0.28686462 0.35867895549999995 0.27931555100000005 0.35867895549999995 0.27931555100000005 0.582949309 0.28686462 0.582949309
0 0.27931555100000005 0.35867895549999995 0.28686462 0.35867895549999995 0.28686462 0.0576036865 0.27931555100000005 0.0576036865 0.27931555100000005 0.35867895549999995
0 0.7876195269999999 0.904761905 0.7946653245 0.904761905 0.7946653245 0.20506912449999998 0.7876195269999999 0.20506912449999998 0.7876195269999999 0.904761905
0 0.7876195269999999 0.5606758835000001 0.9904378460000001 0.5606758835000001 0.9904378460000001 0.5491551459999999 0.7876195269999999 0.5491551459999999 0.7876195269999999 0.5606758835000001
0 0.7876195269999999 0.47542242700000004 0.9904378460000001 0.47542242700000004 0.9904378460000001 0.46620583699999996 0.7876195269999999 0.46620583699999996 0.7876195269999999 0.47542242700000004
0 0.879214897 0.559907834 0.885254152 0.559907834 0.885254152 0.465437788 0.879214897 0.465437788 0.879214897 0.559907834
0 0.7876195269999999 0.733486943 0.9904378460000001 0.733486943 0.9904378460000001 0.7242703535 0.7876195269999999 0.7242703535 0.7876195269999999 0.733486943
0 0.7035732259999999 0.904761905 0.709612481 0.904761905 0.709612481 0.7081413209999999 0.7035732259999999 0.7081413209999999 0.7035732259999999 0.904761905
0 0.7035732259999999 0.8187403995 0.7946653245 0.8187403995 0.7946653245 0.8087557605 0.7035732259999999 0.8087557605 0.7035732259999999 0.8187403995
0 0.384499245 0.37019969300000005 0.39104177149999997 0.37019969300000005 0.39104177149999997 0.129032258 0.384499245 0.129032258 0.384499245 0.37019969300000005
0 0.16255661799999999 0.582949309 0.16960241550000002 0.582949309 0.16960241550000002 0.0576036865 0.16255661799999999 0.0576036865 0.16255661799999999 0.582949309
0 0.5208857575 0.35867895549999995 0.5218923 0.21658986200000002 0.5143432309999999 0.2158218125 0.5138399594999999 0.35867895549999995 0.5208857575 0.35867895549999995
0 0.206341218 0.21658986200000002 0.5143432309999999 0.21658986200000002 0.5143432309999999 0.207373272 0.206341218 0.207373272 0.206341218 0.21658986200000002
0 0.16255661799999999 0.21658986200000002 0.181680926 0.21658986200000002 0.181680926 0.207373272 0.16255661799999999 0.207373272 0.16255661799999999 0.21658986200000002
0 0.22043281350000002 0.21658986200000002 0.2264720685 0.21658986200000002 0.2264720685 0.0576036865 0.22043281350000002 0.0576036865 0.22043281350000002 0.21658986200000002
0 0.615500755 0.558371736 0.7292400605 0.558371736 0.7292400605 0.548387097 0.615500755 0.548387097 0.615500755 0.558371736
0 0.7292400605 0.558371736 0.7292400605 0.496159754 0.722697534 0.496159754 0.722697534 0.558371736 0.7292400605 0.558371736
0 0.722697534 0.420890937 0.7292400605 0.420890937 0.7292400605 0.3594470045 0.722697534 0.3594470045 0.722697534 0.420890937
0 0.7292400605 0.37019969300000005 0.7292400605 0.3594470045 0.6165072975 0.3594470045 0.6165072975 0.37019969300000005 0.7292400605 0.37019969300000005
0 0.670860594 0.37019969300000005 0.6779063915000001 0.37019969300000005 0.6779063915000001 0.20506912449999998 0.670860594 0.20506912449999998 0.670860594 0.37019969300000005
0 0.670860594 0.3594470045 0.704076497 0.3594470045 0.704076497 0.321044547 0.670860594 0.321044547 0.670860594 0.3594470045
0 0.704076497 0.3379416285 0.7443381984999999 0.3379416285 0.7443381984999999 0.32718894 0.704076497 0.32718894 0.704076497 0.3379416285
0 0.405636638 0.248079877 0.405636638 0.2158218125 0.344237544 0.2158218125 0.344237544 0.248079877 0.405636638 0.248079877