0 0.424 0.07875 0.78725 0.01775
0 0.80775 0.4275 0.01975 0.71575
0 0.50025 0.7765 0.6345 0.01775
0 0.18875 0.86525 0.01125 0.19525
0 0.11225 0.95375 0.164 0.01775
0 0.04325 0.51625 0.02575 0.893
0 0.16925 0.49 0.22675 0.01475
0 0.278 0.63375 0.00925 0.30325
0 0.65025 0.446 0.29475 0.01475
0 0.50725 0.4995 0.00925 0.12175
0 0.43625 0.553 0.15125 0.01475
0 0.39025 0.66575 0.00925 0.24025
0 0.4705 0.66575 0.00925 0.24025
0 0.278 0.29275 0.00925 0.40925
0 0.39725 0.33525 0.22925 0.01475
0 0.50725 0.215 0.00925 0.255
0 0.3785 0.215 0.00925 0.255
0 0.881 0.07875 0.127 0.01775
0 0.881 0.7765 0.127 0.01775
0 0.15525 0.915 0.008 0.066
0 0.16725 0.915 0.03175 0.066
0 0.4945 0.17675 0.025 0.1785
0 0.497 0.25925 0.02975 0.0125