0 0.50275 0.296 0.95475 0.03975
0 0.97225 0.58475 0.01525 0.6175
0 0.4745 0.78475 0.00975 0.218
0 0.57375 0.884 0.812 0.0205
0 0.0965 0.88075 0.142 0.02675
0 0.32375 0.682 0.3115 0.013
0 0.104 0.682 0.12675 0.013
0 0.16275 0.791 0.00975 0.20525
0 0.03425 0.791 0.01775 0.20525
0 0.033 0.48225 0.01525 0.4125
0 0.2505 0.48225 0.008 0.4125
0 0.2485 0.203 0.013 0.146
0 0.53875 0.203 0.013 0.146
0 0.59775 0.68425 0.058 0.0085
0 0.83975 0.68425 0.28075 0.0085
0 0.837 0.78675 0.0065 0.21375
0 0.75425 0.478 0.00725 0.40375
0 0.57175 0.5945 0.00725 0.188