0 0.043624161 0.0613577025 0.043624161 0.0744125325 0.9395973155 0.0744125325 0.9395973155 0.0613577025 0.043624161 0.0613577025
0 0.9303691275 0.0613577025 0.9303691275 0.7101827675 0.9387583895 0.7101827675 0.9387583895 0.0613577025 0.9303691275 0.0613577025
0 0.58557047 0.6984334205 0.58557047 0.7114882505000001 0.9395973155 0.7114882505000001 0.9395973155 0.6984334205 0.58557047 0.6984334205
0 0.5847315435 0.6971279375 0.5847315435 0.9268929505 0.5931208055 0.9268929505 0.5931208055 0.6971279375 0.5847315435 0.6971279375
0 0.25083892599999996 0.917754569 0.25083892599999996 0.9281984335 0.5939597314999999 0.9281984335 0.5939597314999999 0.917754569 0.25083892599999996 0.917754569
0 0.25083892599999996 0.7062663185 0.25083892599999996 0.9281984335 0.25838926149999997 0.9281984335 0.25838926149999997 0.7062663185 0.25083892599999996 0.7062663185
0 0.052013423 0.0600522195 0.043624161 0.0600522195 0.044463087 0.716710183 0.052852349 0.7154046995 0.052013423 0.0600522195
0 0.7340604025 0.0613577025 0.7273489935 0.0613577025 0.7273489935 0.7101827675 0.7340604025 0.7101827675 0.7340604025 0.0613577025
0 0.25922818799999997 0.0744125325 0.2525167785 0.0744125325 0.2525167785 0.19451697150000002 0.25922818799999997 0.19451697150000002 0.25922818799999997 0.0744125325
0 0.25922818799999997 0.19451697150000002 0.2466442955 0.19451697150000002 0.2466442955 0.24673629249999998 0.25922818799999997 0.24673629249999998 0.25922818799999997 0.19451697150000002
0 0.307885906 0.24673629249999998 0.2466442955 0.24673629249999998 0.2466442955 0.325065274 0.307885906 0.325065274 0.307885906 0.24673629249999998
0 0.284395973 0.325065274 0.2466442955 0.325065274 0.2466442955 0.3851174935 0.284395973 0.3851174935 0.284395973 0.325065274
0 0.2466442955 0.38381201049999997 0.244966443 0.716710183 0.2575503355 0.716710183 0.260067114 0.3851174935 0.2466442955 0.38381201049999997
0 0.2466442955 0.325065274 0.15184563750000002 0.325065274 0.15184563750000002 0.3472584855 0.2466442955 0.3472584855 0.2466442955 0.325065274
0 0.15184563750000002 0.3328981725 0.044463087 0.3328981725 0.044463087 0.3472584855 0.15184563750000002 0.3472584855 0.15184563750000002 0.3328981725
0 0.24580536900000002 0.308093995 0.24580536900000002 0.325065274 0.360738255 0.325065274 0.360738255 0.308093995 0.24580536900000002 0.308093995
0 0.3481543625 0.308093995 0.3481543625 0.402088773 0.36157718099999997 0.402088773 0.36157718099999997 0.308093995 0.3481543625 0.308093995
0 0.3481543625 0.38381201049999997 0.3481543625 0.40078329 0.56795302 0.40078329 0.56795302 0.38381201049999997 0.3481543625 0.38381201049999997
0 0.9395973155 0.38120104450000003 0.7273489935 0.38120104450000003 0.7273489935 0.3942558745 0.9395973155 0.3942558745 0.9395973155 0.38120104450000003
0 0.244966443 0.7062663185 0.244966443 0.716710183 0.25838926149999997 0.716710183 0.25838926149999997 0.7062663185 0.244966443 0.7062663185
0 0.244966443 0.7062663185 0.044463087 0.7062663185 0.044463087 0.716710183 0.244966443 0.716710183 0.244966443 0.7062663185
0 0.284395973 0.3851174935 0.27013422800000003 0.3851174935 0.27013422800000003 0.404699739 0.284395973 0.404699739 0.284395973 0.3851174935