0 0.747 0.2825 0.2165 0.011
0 0.7415 0.43675 0.2265 0.0085
0 0.08469226349999999 0.729864127 0.8568365314999999 0.7200010985 0.8553359415 0.698866035 0.0845332015 0.705206554 0.08469226349999999 0.729864127
0 0.36775 0.56025 0.0725 0.009
0 0.17725 0.45625 0.18675 0.01125
0 0.28475 0.4545 0.02825 0.00775
0 0.0844443715 0.35541614099999996 0.4064194 0.352634019 0.4069132265 0.340114467 0.0829628915 0.3435921195 0.0844443715 0.35541614099999996
0 0.08148140999999999 0.1175446735 0.8553079 0.1098938355 0.8553079 0.08763685700000001 0.082469065 0.0938966315 0.08148140999999999 0.1175446735
0 0.09125 0.23 0.01575 0.22475
0 0.251 0.2285 0.0095 0.22475
0 0.40275 0.2275 0.0085 0.224
0 0.644 0.1455 0.009 0.0655
0 0.84725 0.192 0.01625 0.167
0 0.84725 0.359 0.01425 0.1405
0 0.84825 0.569 0.01625 0.25875
0 0.09025 0.4035 0.0165 0.09575
0 0.092 0.58375 0.0185 0.23925
0 0.33525 0.63425 0.009 0.1345
0 0.40175 0.633 0.00825 0.137
0 0.29675 0.56175 0.0705 0.01075
0 0.2655 0.50925 0.00825 0.094
0 0.26625 0.63625 0.00825 0.13625
0 0.64375 0.35075 0.00825 0.1225
0 0.74125 0.35875 0.00675 0.1415