0 0.788903061 0.025510204 0.788903061 0.607142857 0.8150510205 0.607142857 0.8150510205 0.025510204 0.788903061 0.025510204
0 0.5918367345000001 0.5901360545 0.5918367345000001 0.607142857 0.8150510205 0.607142857 0.8150510205 0.5901360545 0.5918367345000001 0.5901360545
0 0.5918367345000001 0.5892857145 0.5918367345000001 0.793367347 0.607142857 0.793367347 0.607142857 0.5892857145 0.5918367345000001 0.5892857145
0 0.1830357145 0.3528911565 0.1830357145 0.3664965985 0.392219388 0.3664965985 0.392219388 0.3528911565 0.1830357145 0.3528911565
0 0.492984694 0.3528911565 0.392857143 0.3528911565 0.392857143 0.3664965985 0.492984694 0.3664965985 0.492984694 0.3528911565
0 0.4853316325 0.025510204 0.4853316325 0.3664965985 0.492984694 0.3664965985 0.492984694 0.025510204 0.4853316325 0.025510204
0 0.18367346950000002 0.025510204 0.18367346950000002 0.607142857 0.2104591835 0.607142857 0.2104591835 0.025510204 0.18367346950000002 0.025510204
0 0.382015306 0.5926870750000001 0.382015306 0.793367347 0.392219388 0.793367347 0.392219388 0.5926870750000001 0.382015306 0.5926870750000001
0 0.38265306099999996 0.3528911565 0.38265306099999996 0.607142857 0.392857143 0.607142857 0.392857143 0.3528911565 0.38265306099999996 0.3528911565
0 0.1830357145 0.5926870750000001 0.1830357145 0.606292517 0.392219388 0.606292517 0.392219388 0.5926870750000001 0.1830357145 0.5926870750000001
0 0.18367346950000002 0.648809524 0.18367346950000002 0.794217687 0.22640306100000002 0.794217687 0.22640306100000002 0.648809524 0.18367346950000002 0.648809524
0 0.2079081635 0.593537415 0.18367346950000002 0.593537415 0.18367346950000002 0.648809524 0.2079081635 0.648809524 0.2079081635 0.593537415
0 0.392857143 0.7789115645000001 0.392857143 0.794217687 0.607142857 0.794217687 0.607142857 0.7789115645000001 0.392857143 0.7789115645000001
0 0.1830357145 0.7704081635 0.1830357145 0.794217687 0.392219388 0.794217687 0.392219388 0.7704081635 0.1830357145 0.7704081635
0 0.4579081635 0.5892857145 0.4579081635 0.606292517 0.5911989795 0.606292517 0.5911989795 0.5892857145 0.4579081635 0.5892857145
0 0.530612245 0.5901360545 0.5204081635 0.5901360545 0.5204081635 0.794217687 0.530612245 0.794217687 0.530612245 0.5901360545
0 0.4853316325 0.336734694 0.44770408149999996 0.336734694 0.44770408149999996 0.3528911565 0.4853316325 0.3528911565 0.4853316325 0.336734694
0 0.8150510205 0.35034013599999997 0.618622449 0.35034013599999997 0.618622449 0.363945578 0.8150510205 0.363945578 0.8150510205 0.35034013599999997
0 0.18367346950000002 0.025510204 0.18367346950000002 0.061224490000000006 0.449617347 0.061224490000000006 0.449617347 0.025510204 0.18367346950000002 0.025510204
0 0.4853316325 0.025510204 0.449617347 0.025510204 0.449617347 0.088435374 0.4853316325 0.088435374 0.4853316325 0.025510204
0 0.8150510205 0.025510204 0.4853316325 0.025510204 0.4853316325 0.061224490000000006 0.8150510205 0.061224490000000006 0.8150510205 0.025510204