0 0.589 0.173 0.66225 0.02075
0 0.914 0.308 0.01375 0.25025
0 0.7805 0.7875 0.278 0.01925
0 0.64825 0.83425 0.01275 0.07275
0 0.4445 0.79325 0.013 0.153
0 0.5465 0.88 0.215 0.021
0 0.35475 0.70875 0.19375 0.01925
0 0.26425 0.57975 0.01275 0.2335
0 0.33475 0.12475 0.0075 0.0775
0 0.4845 0.1215 0.0075 0.08425
0 0.3545 0.459 0.19275 0.0065
0 0.35575 0.3095 0.19575 0.01
0 0.265 0.38575 0.01075 0.14075
0 0.26425 0.245 0.0125 0.119
0 0.35725 0.38475 0.00525 0.139
0 0.44825 0.58025 0.00625 0.23825
0 0.44875 0.3525 0.0055 0.07175
0 0.509 0.28675 0.00575 0.20525
0 0.478 0.394 0.066 0.00875
0 0.458 0.42675 0.0225 0.05525
0 0.7535 0.30975 0.006 0.251
0 0.8215 0.44025 0.19725 0.01
0 0.82125 0.539 0.19875 0.00925
0 0.80875 0.48975 0.00675 0.0895
0 0.9135 0.48925 0.01225 0.0885
0 0.913 0.66225 0.013 0.23475
0 0.645 0.68225 0.00625 0.19325
0 0.75375 0.66225 0.0065 0.23475
0 0.699 0.69825 0.1025 0.01175