0 0.476 0.18775 0.8045 0.011
0 0.87325 0.41075 0.01 0.45675
0 0.871 0.686 0.01475 0.1105
0 0.79025 0.7335 0.17625 0.0145
0 0.3875 0.73625 0.62825 0.01
0 0.082 0.46175 0.017 0.55875
0 0.3295 0.52675 0.00775 0.42825
0 0.2735 0.5055 0.11975 0.00475
0 0.218 0.541 0.0085 0.075
0 0.2735 0.5755 0.11975 0.00575
0 0.15225 0.53875 0.12275 0.00425
0 0.21225 0.34925 0.24275 0.00525
0 0.46725 0.6425 0.00625 0.1775
0 0.587 0.55625 0.24575 0.00525
0 0.706 0.6475 0.00775 0.1875
0 0.794 0.635 0.1685 0.00825
0 0.67125 0.46 0.41425 0.00425
0 0.64075 0.3705 0.0085 0.3765
0 0.75725 0.38125 0.242 0.00475
0 0.398 0.63675 0.1445 0.00475
0 0.40025 0.845 0.1885 0.00775
0 0.48925 0.90525 0.0115 0.1275
0 0.40025 0.96575 0.1885 0.00675
0 0.311 0.90525 0.01 0.1275