0 0.755 0.852 0.0145 0.049
0 0.71575 0.83925 0.093 0.0235
0 0.676 0.852 0.01375 0.049
0 0.44625 0.8645 0.47325 0.02425
0 0.13875 0.871 0.14125 0.01125
0 0.072 0.64025 0.00775 0.47275
0 0.19725 0.409 0.25825 0.0105
0 0.32275 0.4685 0.00725 0.12975
0 0.44625 0.522 0.25425 0.023
0 0.5655 0.313 0.016 0.44075
0 0.73525 0.1045 0.35525 0.023
0 0.9045 0.4845 0.01675 0.784
0 0.83025 0.865 0.1655 0.023
0 0.82925 0.63625 0.134 0.00975
0 0.82925 0.41325 0.134 0.0065
0 0.82525 0.34025 0.14175 0.0065
0 0.56925 0.69275 0.00825 0.319
0 0.71575 0.76225 0.093 0.01175
0 0.625 0.6565 0.103 0.00975
0 0.4345 0.69275 0.00675 0.319
0 0.3225 0.69275 0.00675 0.319
0 0.3785 0.61 0.10525 0.00975
0 0.378 0.5695 0.0065 0.072
0 0.213 0.70275 0.00675 0.34775
0 0.146 0.53375 0.14025 0.00975
0 0.2265 0.53375 0.03425 0.00975
0 0.2365 0.51825 0.014 0.0405
0 0.278 0.50825 0.097 0.02025
0 0.27775 0.59025 0.083 0.01125
0 0.23975 0.56225 0.00725 0.06675
0 0.22275 0.55925 0.027 0.0465
0 0.26775 0.71425 0.103 0.00925
0 0.5255 0.10025 0.06375 0.0145
0 0.23275 0.451 0.00675 0.09425
0 0.75825 0.79175 0.00775 0.0715
0 0.75825 0.442 0.00775 0.65225
0 0.673 0.79175 0.00725 0.0715
0 0.673 0.71 0.00725 0.1165
0 0.621 0.7265 0.11125 0.00975