0 0.113 0.81525 0.1305 0.02525
0 0.41225 0.73625 0.01375 0.1825
0 0.595 0.65375 0.37925 0.0175
0 0.77375 0.3755 0.0225 0.57375
0 0.41625 0.1065 0.73675 0.03675
0 0.0595 0.37025 0.02325 0.56425
0 0.06175 0.72925 0.02725 0.1965
0 0.113 0.6415 0.1305 0.021
0 0.1725 0.72925 0.0115 0.1965
0 0.29875 0.82 0.2405 0.01575
0 0.25225 0.637 0.14775 0.01225
0 0.322 0.7215 0.00825 0.18075
0 0.30075 0.49575 0.0075 0.2715
0 0.18775 0.368 0.233 0.0165
0 0.3325 0.365 0.071 0.0105
0 0.41 0.2475 0.009 0.2455
0 0.42925 0.61825 0.04775 0.05325
0 0.40975 0.518 0.009 0.1475
0 0.50925 0.44975 0.207 0.01125
0 0.36575 0.34025 0.00475 0.06025
0 0.3845 0.314 0.0425 0.007
0 0.84625 0.6545 0.12225 0.01575
0 0.84625 0.117 0.12225 0.01575