0 0.1013513515 0.9458715595 0.1013513515 0.9605504585 0.38040540549999996 0.9605504585 0.38040540549999996 0.9458715595 0.1013513515 0.9458715595
0 0.362162162 0.9110091745 0.362162162 0.9256880734999999 0.489864865 0.9256880734999999 0.489864865 0.9110091745 0.362162162 0.9110091745
0 0.47770270249999996 0.5733944955 0.47770270249999996 0.9256880734999999 0.489864865 0.9256880734999999 0.489864865 0.5733944955 0.47770270249999996 0.5733944955
0 0.477027027 0.5724770640000001 0.477027027 0.5889908255 0.7783783785 0.5889908255 0.7783783785 0.5724770640000001 0.477027027 0.5724770640000001
0 0.7641891890000001 0.000917431 0.7641891890000001 0.5889908255 0.7783783785 0.5889908255 0.7783783785 0.000917431 0.7641891890000001 0.000917431
0 0.1013513515 0.0844036695 0.1013513515 0.9605504585 0.11554054050000001 0.9605504585 0.11554054050000001 0.0844036695 0.1013513515 0.0844036695
0 0.362162162 0.9110091745 0.362162162 0.9605504585 0.38040540549999996 0.9605504585 0.38040540549999996 0.9110091745 0.362162162 0.9110091745
0 0.8635135135 0.5513761469999999 0.7648648650000001 0.5513761469999999 0.7648648650000001 0.580733945 0.8635135135 0.580733945 0.8635135135 0.5513761469999999
0 0.9385135135 0.5513761469999999 0.8635135135 0.5513761469999999 0.8635135135 0.5660550459999999 0.9385135135 0.5660550459999999 0.9385135135 0.5513761469999999
0 0.85 0.2981651375 0.85 0.3266055045 0.8635135135 0.3266055045 0.8635135135 0.2981651375 0.85 0.2981651375
0 0.35472972950000004 0.000917431 0.35472972950000004 0.020183485999999997 0.7790540539999999 0.020183485999999997 0.7790540539999999 0.000917431 0.35472972950000004 0.000917431
0 0.10067567549999999 0.0834862385 0.10067567549999999 0.1027522935 0.368918919 0.1027522935 0.368918919 0.0834862385 0.10067567549999999 0.0834862385
0 0.368918919 0.103669725 0.36148648650000004 0.103669725 0.36148648650000004 0.910091743 0.368918919 0.910091743 0.368918919 0.103669725
0 0.35472972950000004 0.000917431 0.35472972950000004 0.103669725 0.36959459450000004 0.103669725 0.36959459450000004 0.000917431 0.35472972950000004 0.000917431
0 0.10067567549999999 0.357798165 0.10067567549999999 0.3678899085 0.368918919 0.3678899085 0.368918919 0.357798165 0.10067567549999999 0.357798165
0 0.10067567549999999 0.644036697 0.10067567549999999 0.6541284405 0.368918919 0.6541284405 0.368918919 0.644036697 0.10067567549999999 0.644036697
0 0.10067567549999999 0.7577981650000001 0.10067567549999999 0.7678899085 0.368918919 0.7678899085 0.368918919 0.7577981650000001 0.10067567549999999 0.7577981650000001
0 0.2283783785 0.7577981650000001 0.2216216215 0.7577981650000001 0.2216216215 0.9605504585 0.2283783785 0.9605504585 0.2283783785 0.7577981650000001
0 0.26554054050000003 0.6449541285 0.23716216199999998 0.6449541285 0.23716216199999998 0.7678899085 0.26554054050000003 0.7678899085 0.26554054050000003 0.6449541285
0 0.5358108109999999 0.23577981650000002 0.5358108109999999 0.2449541285 0.7790540539999999 0.2449541285 0.7790540539999999 0.23577981650000002 0.5358108109999999 0.23577981650000002
0 0.5358108109999999 0.179816514 0.5358108109999999 0.2449541285 0.5844594595 0.2449541285 0.5844594595 0.179816514 0.5358108109999999 0.179816514
0 0.5425675675 0.000917431 0.5358108109999999 0.000917431 0.5358108109999999 0.07522935800000001 0.5425675675 0.07522935800000001 0.5425675675 0.000917431