0 0.14375 0.1325 0.19925 0.02275
0 0.236 0.1755 0.0145 0.10875
0 0.4015 0.209 0.1285 0.02075
0 0.9695 0.48025 0.0175 0.56675
0 0.80025 0.20775 0.356 0.02075
0 0.6165 0.20775 0.01175 0.02075
0 0.34 0.365 0.00525 0.29125
0 0.48025 0.507 0.27525 0.0075
0 0.61525 0.62125 0.00525 0.2355
0 0.70425 0.643 0.173 0.0075
0 0.788 0.69275 0.00525 0.09225
0 0.69625 0.69275 0.00525 0.09225
0 0.668 0.438 0.10025 0.0075
0 0.71525 0.4725 0.00525 0.0765
0 0.8455 0.507 0.266 0.0075
0 0.67925 0.237 0.00525 0.0385
0 0.6725 0.38125 0.0195 0.12125
0 0.43575 0.324 0.00525 0.21
0 0.388 0.42525 0.10075 0.0075
0 0.15175 0.30925 0.186 0.0075
0 0.23675 0.25575 0.016 0.11425
0 0.167 0.22825 0.00525 0.16875
0 0.283 0.2145 0.1085 0.03175
0 0.28575 0.507 0.114 0.0075
0 0.23575 0.448 0.01425 0.12525
0 0.23675 0.34925 0.016 0.07225
0 0.283 0.389 0.1085 0.0075
0 0.38525 0.625 0.00525 0.228
0 0.235 0.586 0.01275 0.166
0 0.2325 0.7165 0.0175 0.095
0 0.601 0.7515 0.7545 0.02475
0 0.14275 0.6795 0.19725 0.02075
0 0.0515 0.40575 0.0145 0.56825
0 0.47275 0.209 0.01325 0.02075
0 0.491 0.188 0.0355 0.06275
0 0.54525 0.16725 0.08525 0.02075
0 0.599 0.18725 0.0345 0.06125
0 0.788 0.57875 0.00525 0.13575