0 0.538983051 0.2545454545 0.538983051 0.220979021 0.026271186499999998 0.220979021 0.026271186499999998 0.2545454545 0.538983051 0.2545454545
0 0.538135593 0.253146853 0.538135593 0.067132867 0.51779661 0.067132867 0.51779661 0.253146853 0.538135593 0.253146853
0 0.961864407 0.09790209799999999 0.961864407 0.0657342655 0.51779661 0.0657342655 0.51779661 0.09790209799999999 0.961864407 0.09790209799999999
0 0.9627118645 0.962237762 0.9627118645 0.067132867 0.943220339 0.067132867 0.943220339 0.962237762 0.9627118645 0.962237762
0 0.9627118645 0.962237762 0.9627118645 0.93006993 0.026271186499999998 0.93006993 0.026271186499999998 0.962237762 0.9627118645 0.962237762
0 0.045762712 0.962237762 0.045762712 0.220979021 0.026271186499999998 0.220979021 0.026271186499999998 0.962237762 0.045762712 0.962237762
0 0.26779661 0.962237762 0.2779661015 0.962237762 0.2779661015 0.220979021 0.26779661 0.220979021 0.26779661 0.962237762
0 0.026271186499999998 0.837762238 0.2779661015 0.837762238 0.2779661015 0.820979021 0.026271186499999998 0.820979021 0.026271186499999998 0.837762238
0 0.9627118645 0.7580419580000001 0.9627118645 0.7412587415 0.5754237289999999 0.7412587415 0.5754237289999999 0.7580419580000001 0.9627118645 0.7580419580000001
0 0.793220339 0.7580419580000001 0.8033898305 0.7580419580000001 0.8033898305 0.60979021 0.793220339 0.60979021 0.793220339 0.7580419580000001
0 0.9627118645 0.6265734265 0.9627118645 0.60979021 0.793220339 0.60979021 0.793220339 0.6265734265 0.9627118645 0.6265734265
0 0.7237288135 0.7580419580000001 0.7338983050000001 0.7580419580000001 0.7338983050000001 0.067132867 0.7237288135 0.067132867 0.7237288135 0.7580419580000001
0 0.5847457625 0.253146853 0.5847457625 0.2363636365 0.538135593 0.2363636365 0.538135593 0.253146853 0.5847457625 0.253146853
0 0.5754237289999999 0.481118881 0.7338983050000001 0.481118881 0.7338983050000001 0.4685314685 0.5754237289999999 0.4685314685 0.5754237289999999 0.481118881
0 0.026271186499999998 0.2195804195 0.044915253999999995 0.2195804195 0.044915253999999995 0.0657342655 0.026271186499999998 0.0657342655 0.026271186499999998 0.2195804195
0 0.5855932205000001 0.7580419580000001 0.5855932205000001 0.237762238 0.5754237289999999 0.237762238 0.5754237289999999 0.7580419580000001 0.5855932205000001 0.7580419580000001