0 0.445 0.24425 0.025 0.39375
0 0.36175 0.4335 0.1915 0.01425
0 0.2785 0.46825 0.025 0.083
0 0.14625 0.5025 0.2895 0.01425
0 0.01425 0.60425 0.025 0.21775
0 0.2295 0.70575 0.456 0.01425
0 0.71425 0.055 0.56375 0.015
0 0.4515 0.47525 0.012 0.06925
0 0.37425 0.50625 0.1665 0.00675
0 0.60325 0.50275 0.0565 0.015
0 0.9395 0.50275 0.061 0.015
0 0.6055 0.53425 0.024 0.048
0 0.784 0.695 0.37225 0.0155
0 0.47275 0.70525 0.0305 0.013
0 0.39675 0.68875 0.025 0.0205
0 0.19 0.60575 0.3275 0.00625
0 0.34825 0.55925 0.011 0.09925