0 0.417 0.0345 0.4065 0.02175
0 0.671 0.03875 0.11925 0.029
0 0.851 0.0345 0.25475 0.02175
0 0.96675 0.37775 0.023 0.707
0 0.8075 0.71475 0.3415 0.033
0 0.64125 0.81525 0.00875 0.23425
0 0.5555 0.92625 0.17975 0.0125
0 0.4705 0.81525 0.00875 0.23425
0 0.3445 0.71475 0.26075 0.033
0 0.22425 0.37775 0.021 0.707
0 0.5555 0.7095 0.16175 0.02275
0 0.616 0.12225 0.00875 0.197
0 0.6755 0.21575 0.1105 0.01025
0 0.727 0.12225 0.00725 0.197
0 0.727 0.454 0.00725 0.48825
0 0.79825 0.455 0.14875 0.00925
0 0.86925 0.423 0.0065 0.07225
0 0.9225 0.39175 0.11275 0.00925
0 0.59825 0.583 0.0065 0.2745
0 0.65925 0.568 0.1285 0.00925
0 0.43 0.44175 0.09525 0.00925
0 0.5025 0.18625 0.0065 0.324
0 0.5585 0.34375 0.11925 0.00925
0 0.61475 0.28425 0.0065 0.128
0 0.10675 0.03375 0.2135 0.0095