0 0.188 0.548 0.02175 0.632
0 0.4185 0.239 0.483 0.0135
0 0.6495 0.15025 0.02175 0.19125
0 0.72675 0.0615 0.17575 0.0135
0 0.80375 0.4595 0.02175 0.80925
0 0.49575 0.85725 0.63725 0.0135
0 0.3115 0.39725 0.2255 0.00725
0 0.42125 0.32325 0.00625 0.15525
0 0.23225 0.33375 0.06675 0.00425
0 0.28875 0.31525 0.05275 0.0415
0 0.31175 0.27025 0.00675 0.049
0 0.365 0.29675 0.106 0.00425
0 0.60875 0.39875 0.3685 0.00425
0 0.562 0.32125 0.00675 0.151
0 0.43125 0.62575 0.00675 0.4495
0 0.5505 0.792 0.00675 0.11725
0 0.491 0.76925 0.11275 0.00425
0 0.36925 0.721 0.117 0.00425
0 0.314 0.6865 0.00675 0.073
0 0.36925 0.652 0.117 0.00425
0 0.25475 0.6865 0.112 0.00425
0 0.31325 0.53925 0.229 0.00425
0 0.592 0.62675 0.08725 0.00425
0 0.60925 0.6225 0.05275 0.00425
0 0.72675 0.23975 0.1325 0.012