0 0.177419355 0.641935484 0.177419355 0.0048387095 0.15956221199999998 0.0048387095 0.15956221199999998 0.641935484 0.177419355 0.641935484
0 0.8726958525 0.027419355 0.8726958525 0.0048387095 0.15956221199999998 0.0048387095 0.15956221199999998 0.027419355 0.8726958525 0.027419355
0 0.8726958525 0.879032258 0.8726958525 0.0048387095 0.8565668205 0.0048387095 0.8565668205 0.879032258 0.8726958525 0.879032258
0 0.8726958525 0.8782258064999999 0.8726958525 0.8588709675 0.461981567 0.8588709675 0.461981567 0.8782258064999999 0.8726958525 0.8782258064999999
0 0.47638248850000003 0.879032258 0.47638248850000003 0.6217741935000001 0.461981567 0.6217741935000001 0.461981567 0.879032258 0.47638248850000003 0.879032258
0 0.47638248850000003 0.641935484 0.47638248850000003 0.6217741935000001 0.15956221199999998 0.6217741935000001 0.15956221199999998 0.641935484 0.47638248850000003 0.641935484
0 0.551267281 0.641935484 0.8565668205 0.641935484 0.8565668205 0.6217741935000001 0.551267281 0.6217741935000001 0.551267281 0.641935484
0 0.47638248850000003 0.731451613 0.5668202765 0.731451613 0.5668202765 0.718548387 0.47638248850000003 0.718548387 0.47638248850000003 0.731451613
0 0.5576036865 0.8596774195000001 0.5668202765 0.8596774195000001 0.5668202765 0.718548387 0.5576036865 0.718548387 0.5576036865 0.8596774195000001
0 0.5576036865 0.718548387 0.5668202765 0.718548387 0.5668202765 0.641935484 0.5576036865 0.641935484 0.5576036865 0.718548387
0 0.55702765 0.6217741935000001 0.5662442395 0.6217741935000001 0.5662442395 0.3298387095 0.55702765 0.3298387095 0.55702765 0.6217741935000001
0 0.8726958525 0.3298387095 0.9556451615 0.3298387095 0.9556451615 0.31290322600000003 0.8726958525 0.31290322600000003 0.8726958525 0.3298387095
0 0.8726958525 0.0217741935 0.9556451615 0.0217741935 0.9556451615 0.0048387095 0.8726958525 0.0048387095 0.8726958525 0.0217741935
0 0.460253456 0.5346774195 0.55702765 0.5346774195 0.55702765 0.5233870970000001 0.460253456 0.5233870970000001 0.460253456 0.5346774195
0 0.4683179725 0.5346774195 0.4683179725 0.31290322600000003 0.460253456 0.31290322600000003 0.460253456 0.5346774195 0.4683179725 0.5346774195
0 0.4683179725 0.4427419355 0.55702765 0.4427419355 0.55702765 0.431451613 0.4683179725 0.431451613 0.4683179725 0.4427419355
0 0.361175115 0.6217741935000001 0.3692396315 0.6217741935000001 0.3692396315 0.3298387095 0.361175115 0.3298387095 0.361175115 0.6217741935000001
0 0.3692396315 0.3298387095 0.3692396315 0.027419355 0.361175115 0.027419355 0.361175115 0.3298387095 0.3692396315 0.3298387095
0 0.3692396315 0.2112903225 0.5017281105 0.2112903225 0.5017281105 0.2 0.3692396315 0.2 0.3692396315 0.2112903225
0 0.5017281105 0.210483871 0.5017281105 0.027419355 0.49366359449999997 0.027419355 0.49366359449999997 0.210483871 0.5017281105 0.210483871
0 0.3692396315 0.3298387095 0.3692396315 0.31290322600000003 0.177419355 0.31290322600000003 0.177419355 0.3298387095 0.3692396315 0.3298387095
0 0.8565668205 0.3298387095 0.8565668205 0.31290322600000003 0.460253456 0.31290322600000003 0.460253456 0.3298387095 0.8565668205 0.3298387095