0 0.8550396375 0.6634615385 0.8550396375 0.8205128205 0.9173272935 0.8205128205 0.9173272935 0.6634615385 0.8550396375 0.6634615385
0 0.8935447339999999 0.121794872 0.8935447339999999 0.6634615385 0.9184597959999999 0.6634615385 0.9184597959999999 0.121794872 0.8935447339999999 0.121794872
0 0.046432616 0.121794872 0.046432616 0.1452991455 0.9184597959999999 0.1452991455 0.9184597959999999 0.121794872 0.046432616 0.121794872
0 0.046432616 0.121794872 0.046432616 0.8215811965 0.0713476785 0.8215811965 0.0713476785 0.121794872 0.046432616 0.121794872
0 0.0453001135 0.732905983 0.0453001135 0.8205128205 0.13929784799999997 0.8205128205 0.13929784799999997 0.732905983 0.0453001135 0.732905983
0 0.9184597959999999 0.798076923 0.140430351 0.798076923 0.140430351 0.8215811965 0.9184597959999999 0.8215811965 0.9184597959999999 0.798076923
0 0.9184597959999999 0.5544871795 0.47791619500000004 0.5544871795 0.47791619500000004 0.56517094 0.9184597959999999 0.56517094 0.9184597959999999 0.5544871795
0 0.47791619500000004 0.121794872 0.47791619500000004 0.56517094 0.489241223 0.56517094 0.489241223 0.121794872 0.47791619500000004 0.121794872
0 0.7010192525 0.5544871795 0.6896942239999999 0.5544871795 0.6896942239999999 0.8215811965 0.7010192525 0.8215811965 0.7010192525 0.5544871795
0 0.0453001135 0.5534188035 0.0453001135 0.564102564 0.13929784799999997 0.564102564 0.13929784799999997 0.5534188035 0.0453001135 0.5534188035
0 0.362400906 0.732905983 0.35107587749999997 0.732905983 0.35107587749999997 0.8205128205 0.362400906 0.8205128205 0.362400906 0.732905983