0 0.526 0.03425 0.83925 0.01325
0 0.5125 0.64975 0.83725 0.02275
0 0.786 0.96025 0.27725 0.012
0 0.521 0.30675 0.8405 0.01
0 0.78775 0.78525 0.26925 0.01275
0 0.779 0.52675 0.308 0.012
0 0.6635 0.8725 0.02925 0.159
0 0.9155 0.87325 0.0215 0.15825
0 0.129 0.172 0.05225 0.26075
0 0.12425 0.47625 0.06375 0.325
0 0.921 0.417 0.029 0.20675
0 0.91575 0.58575 0.0335 0.103
0 0.633 0.58525 0.02075 0.1025
0 0.9265 0.1715 0.02975 0.2555
0 0.60475 0.164 0.16525 0.01
0 0.772 0.08225 0.02025 0.07825
0 0.6995637219999999 0.16363667699999998 0.769133592 0.127186183 0.7493255055 0.11859428200000001 0.6889349889999999 0.1571276595 0.6995637219999999 0.16363667699999998
0 0.53175 0.09925 0.0165 0.11425
0 0.52875 0.2345 0.0155 0.12875
0 0.917 0.71825 0.01775 0.1135