0 0.2125 0.122 0.22875 0.02025
0 0.31925 0.168 0.0155 0.112
0 0.544 0.21575 0.46525 0.01725
0 0.7685 0.30925 0.01675 0.20475
0 0.71975 0.40375 0.11375 0.01625
0 0.67125 0.6105 0.01725 0.42975
0 0.4925 0.81725 0.37475 0.01625
0 0.3135 0.86625 0.01675 0.1145
0 0.21075 0.9155 0.2225 0.01625
0 0.10825 0.518 0.01975 0.81175
0 0.2125 0.22025 0.22875 0.008
0 0.2345 0.168 0.00825 0.112
0 0.30925 0.584 0.00825 0.48275
0 0.206 0.34675 0.21475 0.008
0 0.2695 0.2795 0.00825 0.12675
0 0.202 0.51875 0.20625 0.0045
0 0.20225 0.66675 0.20575 0.008
0 0.20225 0.75475 0.20575 0.008
0 0.4295 0.30375 0.00825 0.19325
0 0.3695 0.39625 0.129 0.008
0 0.4475 0.39625 0.04375 0.008
0 0.377 0.52975 0.00825 0.14625
0 0.39575 0.599 0.04525 0.008
0 0.536 0.657 0.2875 0.008
0 0.428 0.731 0.00825 0.1565
0 0.20825 0.711 0.00625 0.09625
0 0.25425 0.31 0.039 0.006