0 0.1035 0.078 0.16175 0.01075
0 0.17925 0.19925 0.0105 0.25375
0 0.31725 0.31925 0.28625 0.0135
0 0.4555 0.2515 0.01 0.149
0 0.684 0.184 0.46675 0.01425
0 0.9125 0.5335 0.01 0.7135
0 0.77125 0.88175 0.29275 0.0165
0 0.6305 0.82825 0.01125 0.12325
0 0.52675 0.77475 0.219 0.0165
0 0.4225 0.82825 0.01125 0.12325
0 0.29925 0.88175 0.25875 0.0165
0 0.1755 0.671 0.01125 0.43775
0 0.102 0.46 0.15825 0.0165
0 0.0265 0.2705 0.0075 0.3955
0 0.1775 0.3955 0.007 0.139
0 0.294 0.59975 0.007 0.5475
0 0.303 0.6015 0.24325 0.01
0 0.4205 0.68175 0.0075 0.17025
0 0.266 0.71275 0.049 0.0385
0 0.2115 0.72675 0.06025 0.01075
0 0.4205 0.58225 0.0075 0.0485
0 0.4565 0.56425 0.07925 0.012
0 0.49175 0.607 0.0085 0.097
0 0.4565 0.64925 0.07925 0.012
0 0.4925 0.70625 0.007 0.1205
0 0.5625 0.65075 0.1475 0.00925
0 0.633 0.70625 0.0065 0.1205
0 0.56025 0.711 0.0065 0.11125
0 0.633 0.6355 0.0065 0.03925
0 0.76875 0.6205 0.278 0.00925
0 0.757 0.7495 0.006 0.248
0 0.81575 0.54675 0.0065 0.13825
0 0.6885 0.48225 0.26125 0.00925
0 0.5635 0.50325 0.011 0.05125
0 0.6335 0.50775 0.0055 0.042
0 0.757 0.33425 0.006 0.2865
0 0.86325 0.52575 0.0885 0.0085
0 0.492 0.524 0.008 0.09275
0 0.47325 0.4815 0.0455 0.00775
0 0.45675 0.37025 0.0075 0.0885
0 0.027 0.5345 0.0085 0.1325