0 0.496 0.28375 0.84275 0.043
0 0.879 0.613 0.033 0.6055
0 0.46025 0.88475 0.802 0.01625
0 0.089 0.5915 0.0165 0.5675
0 0.63325 0.4775 0.00975 0.34375
0 0.7075 0.65275 0.307 0.01025
0 0.55925 0.767 0.00975 0.21575
0 0.21775 0.71675 0.24175 0.00825
0 0.20175 0.798 0.009 0.15275
0 0.7325 0.696 0.0145 0.07425
0 0.82125 0.79525 0.0765 0.0175
0 0.7284663935 0.7405842605 0.776520726 0.7954306984999999 0.7850908815000001 0.785974419 0.738873056 0.7347528879999999 0.7284663935 0.7405842605
0 0.3015 0.6835 0.00975 0.05575
0 0.30225 0.5375 0.0095 0.09925
0 0.87975 0.1855 0.0105 0.153
0 0.5375 0.17875 0.01325 0.16375
0 0.71575 0.10325 0.33625 0.01475