0 0.8507067140000001 0.170467503 0.8507067140000001 0.157354618 0.566254417 0.157354618 0.566254417 0.170467503 0.8507067140000001 0.170467503
0 0.8507067140000001 0.697263398 0.8507067140000001 0.157354618 0.8330388695000001 0.1567844925 0.8330388695000001 0.697263398 0.8507067140000001 0.697263398
0 0.8507067140000001 0.6978335234999999 0.8507067140000001 0.685290764 0.174911661 0.685290764 0.174911661 0.6978335234999999 0.8507067140000001 0.6978335234999999
0 0.1934628975 0.6978335234999999 0.1934628975 0.057012543 0.174911661 0.057012543 0.174911661 0.6978335234999999 0.1934628975 0.6978335234999999
0 0.5848056534999999 0.0689851765 0.5848056534999999 0.057012543 0.174911661 0.057012543 0.174911661 0.0689851765 0.5848056534999999 0.0689851765
0 0.5848056534999999 0.170467503 0.5848056534999999 0.057012543 0.566254417 0.057012543 0.566254417 0.170467503 0.5848056534999999 0.170467503
0 0.5768551235 0.6978335234999999 0.5768551235 0.5923603194999999 0.566254417 0.5923603194999999 0.566254417 0.6978335234999999 0.5768551235 0.6978335234999999
0 0.359540636 0.6978335234999999 0.370141343 0.6978335234999999 0.370141343 0.5923603194999999 0.359540636 0.5923603194999999 0.359540636 0.6978335234999999
0 0.174911661 0.5992018245 0.5768551235 0.5992018245 0.5768551235 0.5923603194999999 0.174911661 0.5923603194999999 0.174911661 0.5992018245
0 0.566254417 0.5923603194999999 0.5768551235 0.5923603194999999 0.5768551235 0.170467503 0.566254417 0.170467503 0.566254417 0.5923603194999999
0 0.711130742 0.41391106050000004 0.711130742 0.408209806 0.5653710245 0.408209806 0.5653710245 0.41391106050000004 0.711130742 0.41391106050000004
0 0.7120141345 0.48061573550000003 0.7120141345 0.40877993149999997 0.703180212 0.40877993149999997 0.703180212 0.48061573550000003 0.7120141345 0.48061573550000003
0 0.711130742 0.48061573550000003 0.711130742 0.474914481 0.5653710245 0.474914481 0.5653710245 0.48061573550000003 0.711130742 0.48061573550000003
0 0.703180212 0.446978335 0.8507067140000001 0.446978335 0.8507067140000001 0.441277081 0.703180212 0.441277081 0.703180212 0.446978335
0 0.3851590105 0.514823261 0.4514134275 0.514823261 0.4514134275 0.509122007 0.3851590105 0.509122007 0.3851590105 0.514823261
0 0.39487632500000003 0.5142531355 0.39487632500000003 0.4338654505 0.3851590105 0.4338654505 0.3851590105 0.5142531355 0.39487632500000003 0.5142531355
0 0.4514134275 0.44013683 0.4514134275 0.43443557600000005 0.3851590105 0.43443557600000005 0.3851590105 0.44013683 0.4514134275 0.44013683
0 0.39487632500000003 0.47548460649999996 0.39487632500000003 0.4697833525 0.174911661 0.4697833525 0.174911661 0.47548460649999996 0.39487632500000003 0.47548460649999996
0 0.4160777385 0.5992018245 0.424911661 0.5992018245 0.424911661 0.509122007 0.4160777385 0.509122007 0.4160777385 0.5992018245
0 0.174911661 0.28905359199999997 0.24911660800000002 0.28905359199999997 0.24911660800000002 0.2833523375 0.174911661 0.2833523375 0.174911661 0.28905359199999997
0 0.328621908 0.28905359199999997 0.4505300355 0.28905359199999997 0.4505300355 0.2833523375 0.328621908 0.2833523375 0.328621908 0.28905359199999997
0 0.174911661 0.7742303305 0.18374558300000002 0.7742303305 0.18374558300000002 0.6978335234999999 0.174911661 0.6978335234999999 0.174911661 0.7742303305
0 0.30035335700000004 0.7742303305 0.30035335700000004 0.7685290765 0.174911661 0.7685290765 0.174911661 0.7742303305 0.30035335700000004 0.7742303305
0 0.30035335700000004 0.985176739 0.30035335700000004 0.7685290765 0.2915194345 0.7685290765 0.2915194345 0.985176739 0.30035335700000004 0.985176739
0 0.2994699645 0.985176739 0.2994699645 0.9794754845 0.078621908 0.9794754845 0.078621908 0.985176739 0.2994699645 0.985176739
0 0.0874558305 0.985176739 0.0874558305 0.879703535 0.078621908 0.879703535 0.078621908 0.985176739 0.0874558305 0.985176739
0 0.30035335700000004 0.8854047890000001 0.30035335700000004 0.879703535 0.0795053005 0.879703535 0.0795053005 0.8854047890000001 0.30035335700000004 0.8854047890000001