0 0.59825 0.966 0.687 0.01925
0 0.929 0.58125 0.02575 0.7895
0 0.76475 0.1945 0.35425 0.016
0 0.6 0.126 0.02575 0.153
0 0.32 0.0595 0.586 0.02
0 0.03425 0.27625 0.0145 0.45375
0 0.1475 0.4965 0.24125 0.0135
0 0.26175 0.73275 0.01375 0.4865
0 0.198 0.36925 0.34225 0.0055
0 0.264 0.211 0.011 0.323
0 0.59325 0.3085 0.012 0.21125
0 0.92225 0.118 0.012 0.13725
0 0.592 0.76475 0.0145 0.42175
0 0.42725 0.72 0.34475 0.0065
0 0.2965 0.7455 0.0565 0.0575
0 0.37375 0.557 0.23875 0.0065
0 0.48975 0.63875 0.00675 0.16975
0 0.40025 0.63875 0.00675 0.16975
0 0.64125 0.64125 0.112 0.0065
0 0.169 0.4345 0.00675 0.13625
0 0.05825 0.47575 0.03325 0.028