0 0.502512563 0.795484151 0.502512563 0.7854971775 0.245477387 0.7854971775 0.245477387 0.795484151 0.502512563 0.795484151
0 0.502512563 0.795484151 0.502512563 0.441597916 0.4967336685 0.441597916 0.4967336685 0.795484151 0.502512563 0.795484151
0 0.502512563 0.4515848895 0.502512563 0.441597916 0.2449748745 0.441597916 0.2449748745 0.4515848895 0.502512563 0.4515848895
0 0.2449748745 0 0.2449748745 0.4515848895 0.250753769 0.4515848895 0.250753769 0 0.2449748745 0
0 0 0 0 0.009118541 0.2505025125 0.009118541 0.2505025125 0 0 0
0 0 0 0 0.885801129 0.005527638 0.885801129 0.005527638 0 0 0
0 0 0.885801129 0.250753769 0.885801129 0.250753769 0.8758141555 0 0.8758141555 0 0.885801129
0 0.181407035 0.795484151 0.250753769 0.795484151 0.250753769 0.7854971775 0.181407035 0.7854971775 0.181407035 0.795484151
0 0.1871859295 0.8758141555 0.1871859295 0.7854971775 0.181407035 0.7854971775 0.181407035 0.8758141555 0.1871859295 0.8758141555
0 0.181407035 0.795484151 0.1871859295 0.795484151 0.1871859295 0.6161528439999999 0.181407035 0.6161528439999999 0.181407035 0.795484151
0 0.250753769 0.6261398175 0.250753769 0.6161528439999999 0.181407035 0.6161528439999999 0.181407035 0.6261398175 0.250753769 0.6261398175
0 0.250753769 0.6261398175 0.250753769 0.4515848895 0.2449748745 0.4515848895 0.2449748745 0.6261398175 0.250753769 0.6261398175
0 0.250753769 0.7854971775 0.250753769 0.6161528439999999 0.2469849245 0.6161528439999999 0.2469849245 0.7854971775 0.250753769 0.7854971775
0 0.250753769 0.597915762 0.31080401999999996 0.597915762 0.31080401999999996 0.5935735995 0.250753769 0.5935735995 0.250753769 0.597915762
0 0.31080401999999996 0.597915762 0.31080401999999996 0.4515848895 0.3075376885 0.4515848895 0.3075376885 0.597915762 0.31080401999999996 0.597915762
0 0.34773869350000003 0.7854971775 0.350753769 0.7854971775 0.350753769 0.6877985235 0.34773869350000003 0.6877985235 0.34773869350000003 0.7854971775
0 0.2771356785 0.6582718195 0.2771356785 0.6387320885000001 0.274120603 0.6387320885000001 0.274120603 0.6582718195 0.2771356785 0.6582718195
0 0.403517588 0.7854971775 0.4065326635 0.7854971775 0.4065326635 0.6287451150000001 0.403517588 0.6287451150000001 0.403517588 0.7854971775
0 0.350753769 0.7073382545 0.403517588 0.7073382545 0.403517588 0.7021276595 0.350753769 0.7021276595 0.350753769 0.7073382545
0 0.35050251250000003 0.5735996525 0.35050251250000003 0.451150673 0.347487437 0.451150673 0.347487437 0.5735996525 0.35050251250000003 0.5735996525
0 0.4065326635 0.574033869 0.4065326635 0.568823274 0.34773869350000003 0.568823274 0.34773869350000003 0.574033869 0.4065326635 0.574033869
0 0.4065326635 0.574033869 0.4065326635 0.441597916 0.403517588 0.441597916 0.403517588 0.574033869 0.4065326635 0.574033869
0 0.31080401999999996 0.5566652195 0.34773869350000003 0.5566652195 0.34773869350000003 0.5514546245 0.31080401999999996 0.5514546245 0.31080401999999996 0.5566652195
0 0.2396984925 0.6161528439999999 0.2449748745 0.6161528439999999 0.2449748745 0.596178897 0.2396984925 0.596178897 0.2396984925 0.6161528439999999
0 0.1869346735 0.7854971775 0.1984924625 0.7854971775 0.1984924625 0.768128528 0.1869346735 0.768128528 0.1869346735 0.7854971775
0 0.24472361799999998 0.217542336 0.24472361799999998 0.212331741 0.005527638 0.212331741 0.005527638 0.217542336 0.24472361799999998 0.217542336
0 0.250753769 0.885801129 0.250753769 0.7854971775 0.245477387 0.7854971775 0.245477387 0.885801129 0.250753769 0.885801129
0 0.250753769 0.554059922 0.27864321599999997 0.554059922 0.27864321599999997 0.550586192 0.250753769 0.550586192 0.250753769 0.554059922
0 0.41180904500000004 0.5549283545 0.42412060300000004 0.5549283545 0.42412060300000004 0.5332175425000001 0.41180904500000004 0.5332175425000001 0.41180904500000004 0.5549283545
0 0.3263819095 0.6443768995 0.3263819095 0.6382978725 0.2738693465 0.6382978725 0.2738693465 0.6443768995 0.3263819095 0.6443768995
0 0.3479899495 0.69170647 0.35050251250000003 0.6877985235 0.3263819095 0.6387320885000001 0.3238693465 0.6426400345 0.3479899495 0.69170647
0 0.856281407 0.4515848895 0.856281407 0.441597916 0.598994975 0.441597916 0.598994975 0.4515848895 0.856281407 0.4515848895
0 0.856281407 0.8002605294999999 0.856281407 0.441597916 0.8505025125 0.441597916 0.8505025125 0.8002605294999999 0.856281407 0.8002605294999999
0 0.856281407 0.8002605294999999 0.856281407 0.7902735559999999 0.5987437185 0.7902735559999999 0.5987437185 0.8002605294999999 0.856281407 0.8002605294999999
0 0.604522613 0.8002605294999999 0.6047738695 0.441597916 0.598994975 0.441597916 0.5987437185 0.8002605294999999 0.604522613 0.8002605294999999
0 0.604271357 0.701259227 0.668844221 0.701259227 0.668844221 0.696048632 0.604271357 0.696048632 0.604271357 0.701259227
0 0.6690954775 0.7902735559999999 0.6690954775 0.696048632 0.6660804020000001 0.696048632 0.6660804020000001 0.7902735559999999 0.6690954775 0.7902735559999999
0 0.7575376884999999 0.6604429005 0.7575376884999999 0.6552323055 0.6922110555000001 0.6552323055 0.6922110555000001 0.6604429005 0.7575376884999999 0.6604429005
0 0.7575376884999999 0.7902735559999999 0.7587939699999999 0.7902735559999999 0.7587939699999999 0.6552323055 0.7575376884999999 0.6552323055 0.7575376884999999 0.7902735559999999
0 0.6685929650000001 0.700825011 0.6942211055 0.659140252 0.6922110555000001 0.6552323055 0.6665829145000001 0.6969170645 0.6685929650000001 0.700825011
0 0.6407035175 0.6005210595 0.6407035175 0.5953104644999999 0.604522613 0.5953104644999999 0.604522613 0.6005210595 0.6407035175 0.6005210595
0 0.640954774 0.6009552754999999 0.6590452259999999 0.5857577075 0.6575376884999999 0.5809813285000001 0.639447236 0.596178897 0.640954774 0.6009552754999999
0 0.748241206 0.587060356 0.748241206 0.581849761 0.6567839195 0.581849761 0.6567839195 0.587060356 0.748241206 0.587060356
0 0.748241206 0.587060356 0.748241206 0.4515848895 0.7452261305 0.4515848895 0.7452261305 0.587060356 0.748241206 0.587060356
0 0.6590452259999999 0.5857577075 0.6590452259999999 0.48762483700000003 0.6567839195 0.48762483700000003 0.6567839195 0.5857577075 0.6590452259999999 0.5857577075
0 0.6590452259999999 0.492835432 0.6590452259999999 0.48762483700000003 0.645477387 0.48762483700000003 0.645477387 0.492835432 0.6590452259999999 0.492835432
0 0.6489949749999999 0.492401216 0.6489949749999999 0.451150673 0.6452261305 0.451150673 0.6452261305 0.492401216 0.6489949749999999 0.492401216
0 0.8354271354999999 0.4646113765 0.8505025125 0.4646113765 0.8505025125 0.450716457 0.8354271354999999 0.450716457 0.8354271354999999 0.4646113765
0 0.7575376884999999 0.6552323055 0.7587939699999999 0.6552323055 0.7587939699999999 0.6317846285000001 0.7575376884999999 0.6317846285000001 0.7575376884999999 0.6552323055
0 0.7771356785000001 0.554494138 0.7771356785000001 0.5336517585 0.765326633 0.5336517585 0.765326633 0.554494138 0.7771356785000001 0.554494138