0 0.9625 0.3995 0.01325 0.60175
0 0.8945 0.6945 0.1495 0.0115
0 0.82625 0.7505 0.01325 0.1235
0 0.75675 0.8065 0.15225 0.0115
0 0.68725 0.8735 0.01325 0.14625
0 0.44375 0.941 0.50125 0.0115
0 0.19975 0.56175 0.01325 0.77
0 0.44775 0.1825 0.50925 0.0115
0 0.69575 0.14325 0.01325 0.08975
0 0.829 0.104 0.27975 0.0115
0 0.68725 0.7525 0.01325 0.09675
0 0.44375 0.7095 0.50125 0.0115
0 0.58875 0.5945 0.01325 0.24225
0 0.394 0.479 0.402 0.0115
0 0.69575 0.33975 0.01325 0.303
0 0.829 0.40475 0.27975 0.0115
0 0.80575 0.6945 0.02825 0.0115
0 0.79825 0.5495 0.01325 0.3015
0 0.8805 0.605 0.17775 0.0115
0 0.8805 0.42375 0.17775 0.02675
0 0.92 0.6215 0.01325 0.04425
0 0.941 0.62725 0.05625 0.03275
0 0.58875 0.479 0.01325 0.0115
0 0.1125 0.1825 0.161 0.0115
0 0.1125 0.479 0.161 0.0115