0 0.25175 0.1885 0.4775 0.02325
0 0.48425 0.228 0.0125 0.1035
0 0.71675 0.26775 0.4775 0.02425
0 0.949 0.56325 0.013 0.61675
0 0.48425 0.86 0.9425 0.02325
0 0.019 0.52425 0.012 0.69475
0 0.234 0.41025 0.0065 0.46675
0 0.358 0.4455 0.25425 0.01275
0 0.4815 0.511 0.00725 0.28625
0 0.3955 0.649 0.17925 0.0105
0 0.30875 0.54125 0.0065 0.20375
0 0.1625 0.63775 0.29925 0.0115
0 0.16325 0.75175 0.0065 0.23975
0 0.949 0.149 0.013 0.21225
0 0.945 0.049 0.02075 0.01275
0 0.48625 0.04975 0.01675 0.0115
0 0.48425 0.11025 0.0125 0.133