0 0.8695652175 0.8413510745 0.8695652175 0.2272262025 0.856821589 0.2272262025 0.856821589 0.8413510745 0.8695652175 0.8413510745
0 0.8695652175 0.2743091095 0.8695652175 0.2272262025 0.148425787 0.2272262025 0.148425787 0.2743091095 0.8695652175 0.2743091095
0 0.16116941550000002 0.8413510745 0.16116941550000002 0.2272262025 0.148425787 0.2272262025 0.148425787 0.8413510745 0.16116941550000002 0.8413510745
0 0.41904048 0.8413510745 0.4257871065 0.8413510745 0.4257871065 0.2272262025 0.41904048 0.2272262025 0.41904048 0.8413510745
0 0.595952024 0.8413510745 0.6026986504999999 0.8413510745 0.6026986504999999 0.679631525 0.595952024 0.679631525 0.595952024 0.8413510745
0 0.6019490255 0.6878198565 0.6019490255 0.6786079835000001 0.41829085450000003 0.6786079835000001 0.41829085450000003 0.6878198565 0.6019490255 0.6878198565
0 0.595952024 0.679631525 0.6026986504999999 0.679631525 0.6026986504999999 0.668372569 0.595952024 0.668372569 0.595952024 0.679631525
0 0.6499250375000001 0.6673490275 0.6499250375000001 0.2272262025 0.643178411 0.2272262025 0.643178411 0.6673490275 0.6499250375000001 0.6673490275
0 0.744377811 0.8413510745 0.744377811 0.82395087 0.148425787 0.82395087 0.148425787 0.8413510745 0.744377811 0.8413510745
0 0.744377811 0.8413510745 0.8695652175 0.8413510745 0.8695652175 0.7932446264999999 0.744377811 0.7932446264999999 0.744377811 0.8413510745
0 0.8695652175 0.668372569 0.8695652175 0.659160696 0.744377811 0.659160696 0.744377811 0.668372569 0.8695652175 0.668372569
0 0.7511244380000001 0.8413510745 0.7511244380000001 0.659160696 0.744377811 0.659160696 0.744377811 0.8413510745 0.7511244380000001 0.8413510745
0 0.595952024 0.668372569 0.6026986504999999 0.668372569 0.6026986504999999 0.47185261 0.595952024 0.47185261 0.595952024 0.668372569
0 0.595952024 0.668372569 0.6499250375000001 0.668372569 0.6499250375000001 0.5312180145 0.595952024 0.5312180145 0.595952024 0.668372569
0 0.7511244380000001 0.668372569 0.7511244380000001 0.659160696 0.643178411 0.659160696 0.643178411 0.668372569 0.7511244380000001 0.668372569