0 0.16275 0.34325 0.0275 0.6815
0 0.29425 0.01375 0.29025 0.0225
0 0.6055 0.0115 0.33225 0.018
0 0.7575 0.1905 0.02825 0.37625
0 0.8225 0.36975 0.1585 0.018
0 0.888 0.5215 0.0275 0.322
0 0.7195 0.675 0.3645 0.0155
0 0.34325 0.6755 0.38875 0.01675
0 0.54625 0.73625 0.018 0.13825
0 0.52275 0.7995 0.06475 0.0115
0 0.49925 0.88175 0.018 0.176
0 0.696 0.96425 0.4115 0.0115
0 0.89275 0.82625 0.018 0.28725
0 0.7195 0.80275 0.32875 0.00475
0 0.769 0.7415 0.0075 0.118
0 0.4345 0.495 0.0075 0.3445
0 0.634 0.37625 0.21775 0.00475
0 0.529 0.40875 0.0075 0.0695
0 0.57625 0.441 0.102 0.00475
0 0.62375 0.40625 0.0075 0.06475
0 0.62375 0.55275 0.0075 0.22875
0 0.747 0.5205 0.25425 0.00475
0 0.529 0.5985 0.182 0.00475
0 0.529 0.6315 0.0075 0.07125
0 0.3035 0.5155 0.25425 0.00475
0 0.30725 0.21025 0.262 0.00525
0 0.43425 0.119 0.00825 0.18825
0 0.30575 0.11625 0.00825 0.183
0 0.366 0.12425 0.12825 0.00525
0 0.63775 0.18175 0.21025 0.00525
0 0.548 0.16875 0.03025 0.03125
0 0.83675 0.01025 0.13025 0.01575