0 0.11075 0.393 0.0295 0.50825
0 0.523 0.6385 0.85525 0.01725
0 0.937 0.39275 0.02725 0.50875
0 0.523 0.147 0.85525 0.017
0 0.84 0.4975 0.2215 0.00675
0 0.73725 0.461 0.01575 0.07975
0 0.84 0.4245 0.2215 0.00675
0 0.58925 0.49225 0.0125 0.30975
0 0.767 0.34 0.36825 0.0055
0 0.65575 0.49825 0.14575 0.0055
0 0.66375 0.42375 0.1615 0.0055
0 0.2745 0.47475 0.35675 0.0055
0 0.4465 0.5595 0.0125 0.17525
0 0.45225 0.57175 0.02425 0.0055
0 0.5765 0.57175 0.03775 0.0055
0 0.416 0.4 0.0735 0.0055
0 0.3855 0.4375 0.0125 0.08025
0 0.244 0.429 0.296 0.0055
0 0.1065 0.08 0.021 0.11775
0 0.93125 0.07975 0.021 0.11725
0 0.736 0.702 0.021 0.145
0 0.575 0.68175 0.021 0.104
0 0.65525 0.72925 0.1815 0.009
0 0.477 0.72925 0.17525 0.009
0 0.39975 0.75025 0.021 0.0515