0 0.53925 0.21375 0.82425 0.026
0 0.942 0.53425 0.01875 0.66725
0 0.53925 0.854 0.82425 0.0275
0 0.1365 0.53425 0.01875 0.66725
0 0.77625 0.53425 0.005 0.66725
0 0.357 0.4305 0.005 0.4595
0 0.35425 0.764 0.01 0.20775
0 0.1855 0.60675 0.11725 0.0075
0 0.2415 0.73525 0.005 0.26425
0 0.1855 0.706 0.11725 0.0075
0 0.2995 0.65625 0.12025 0.0075
0 0.8625 0.54575 0.17775 0.0075
0 0.66675 0.727 0.005 0.28075
0 0.66675 0.3335 0.005 0.26575
0 0.72125 0.4625 0.11475 0.0075
0 0.72125 0.3365 0.11475 0.0075
0 0.51175 0.55625 0.12625 0.00825
0 0.24325 0.45375 0.2325 0.0075