0 0.5835 0.088 0.67225 0.028
0 0.28475 0.877 0.5045 0.0345
0 0.14575 0.222 0.227 0.023
0 0.25225 0.1535 0.01625 0.09725
0 0.039 0.54425 0.0165 0.61025
0 0.9145 0.431 0.01325 0.64875
0 0.718 0.7425 0.3815 0.026
0 0.53225 0.8055 0.01425 0.0895
0 0.723 0.26 0.0045 0.31225
0 0.81625 0.41025 0.18025 0.01425
0 0.61375 0.4105 0.20675 0.013
0 0.25625 0.55 0.004 0.6185
0 0.6505 0.54675 0.2525 0.01125
0 0.5255 0.64025 0.00325 0.171
0 0.73225 0.6405 0.00625 0.17
0 0.775 0.478 0.00625 0.118
0 0.14775 0.63675 0.2045 0.014
0 0.09125 0.39 0.08475 0.0105
0 0.21075 0.461 0.086 0.00675
0 0.13876986 0.394977324 0.1330177635 0.4010588235 0.163216386 0.45355177750000003 0.16860899699999998 0.4477903575 0.13876986 0.394977324
0 0.54125 0.25225 0.0075 0.29775