0 1 0.107874865 0.029337804 0.107874865 0.029337804 0.1316073355 1 0.1316073355 1 0.107874865
0 1 0.107874865 0.9840737635000001 0.107874865 0.9840737635000001 0.9676375405 1 0.9676375405 1 0.107874865
0 1 0.9298813375 0.42581726750000004 0.9298813375 0.42581726750000004 0.9676375405 1 0.9676375405 1 0.9298813375
0 0.42581726750000004 0.7173678535 0.42581726750000004 0.9676375405 0.4509639565 0.9676375405 0.4509639565 0.7173678535 0.42581726750000004 0.7173678535
0 0.3755238895 0.7173678535 0.3755238895 0.7508090614999999 0.4509639565 0.7508090614999999 0.4509639565 0.7173678535 0.3755238895 0.7173678535
0 0.3755238895 0.5242718445000001 0.3755238895 0.7508090614999999 0.4031852475 0.7508090614999999 0.4031852475 0.5242718445000001 0.3755238895 0.5242718445000001
0 0.030176027 0.5242718445000001 0.030176027 0.557713053 0.4031852475 0.557713053 0.4031852475 0.5242718445000001 0.030176027 0.5242718445000001
0 0.055322716 0.1067961165 0.028499581 0.107874865 0.030176027 0.557713053 0.056160939 0.556634304 0.055322716 0.1067961165
0 0.5272422465 0.107874865 0.5272422465 0.5436893205 0.54233026 0.5436893205 0.54233026 0.107874865 0.5272422465 0.107874865
0 0.3755238895 0.5242718445000001 0.3746856665 0.541531823 0.5431684830000001 0.544768069 0.5431684830000001 0.526429342 0.3755238895 0.5242718445000001
0 0.637049455 0.5242718445000001 0.6227996644999999 0.5242718445000001 0.6227996644999999 0.9676375405 0.637049455 0.9676375405 0.637049455 0.5242718445000001
0 0.6219614415 0.5242718445000001 0.6219614415 0.5436893205 0.8390611904999999 0.5436893205 0.8390611904999999 0.5242718445000001 0.6219614415 0.5242718445000001
0 0.795473596 0.5242718445000001 0.795473596 0.6429341964999999 0.8398994129999999 0.6429341964999999 0.8398994129999999 0.5242718445000001 0.795473596 0.5242718445000001
0 0.8046940485 0.6429341964999999 0.795473596 0.6429341964999999 0.795473596 0.718446602 0.8046940485 0.718446602 0.8046940485 0.6429341964999999
0 0.6227996644999999 0.7098166125 0.6227996644999999 0.718446602 0.8046940485 0.718446602 0.8046940485 0.7098166125 0.6227996644999999 0.7098166125
0 1 0.5242718445000001 0.795473596 0.5242718445000001 0.795473596 0.548004315 1 0.548004315 1 0.5242718445000001
0 0 0.124056095 0.055322716 0.124056095 0.055322716 0.107874865 0 0.107874865 0 0.124056095
0 0 0.557713053 0.030176027 0.557713053 0.030176027 0.541531823 0 0.541531823 0 0.557713053