0 0.50025 0.172 0.662 0.016
0 0.82125 0.33475 0.01975 0.34175
0 0.854 0.49775 0.08475 0.016
0 0.8865 0.5555 0.01975 0.13125
0 0.85825 0.64275 0.076 0.056
0 0.8305 0.7675 0.01975 0.2055
0 0.5385 0.86125 0.603 0.01825
0 0.248 0.76725 0.02225 0.206
0 0.21725 0.64325 0.084 0.0565
0 0.1835 0.39325 0.02825 0.4585
0 0.35375 0.669 0.2335 0.00525
0 0.46725 0.76825 0.0065 0.204
0 0.737 0.66875 0.206 0.00575
0 0.63725 0.76825 0.0065 0.204
0 0.55225 0.76875 0.1765 0.00525
0 0.5565 0.81825 0.0065 0.104
0 0.73025 0.47225 0.202 0.00525
0 0.6325 0.421 0.0065 0.10775
0 0.40375 0.36975 0.464 0.00525
0 0.461 0.26825 0.00775 0.20875
0 0.579 0.27925 0.2435 0.00525
0 0.628 0.223 0.00775 0.118
0 0.6015 0.3245 0.00925 0.096
0 0.46 0.5495 0.00975 0.12875
0 0.51775 0.5765 0.12525 0.00525
0 0.5775 0.59375 0.006 0.0395