0 0.41725 0.22675 0.6475 0.02125
0 0.73325 0.53925 0.016 0.646
0 0.41725 0.853 0.6475 0.01875
0 0.6045 0.48075 0.2735 0.00675
0 0.3625 0.5675 0.008 0.18075
0 0.3625 0.7925 0.008 0.1395
0 0.532 0.5485 0.00725 0.129
0 0.51425 0.63925 0.04275 0.056
0 0.49675 0.76375 0.00725 0.197
0 0.42925 0.77425 0.1415 0.00625
0 0.23575 0.5485 0.0115 0.14275
0 0.2985 0.48075 0.137 0.00675
0 0.1795 0.48275 0.124 0.01125
0 0.10575 0.34675 0.024 0.261
0 0.10575 0.737 0.024 0.2505
0 0.1085 0.5485 0.029 0.14275
0 0.1675 0.616 0.148 0.008
0 0.2985 0.61675 0.137 0.00625
0 0.63825 0.54525 0.00725 0.13575
0 0.68775 0.61 0.1065 0.00625
0 0.58525 0.57325 0.11325 0.00625
0 0.48875 0.35025 0.00725 0.268
0 0.7335 0.15175 0.00725 0.12825