0 0.5875 0.207 0.76925 0.025
0 0.588 0.773 0.768 0.025
0 0.45375 0.45275 0.49325 0.00775
0 0.36275 0.55875 0.31325 0.00975
0 0.733 0.567 0.0845 0.00825
0 0.5165 0.333 0.13725 0.007
0 0.11975 0.37625 0.21275 0.0175
0 0.1095 0.20375 0.1945 0.01575
0 0.0215 0.289 0.016 0.1535
0 0.21475 0.294 0.02175 0.14825
0 0.2155 0.4165 0.02225 0.06425
0 0.216 0.50575 0.02175 0.09675
0 0.21525 0.66275 0.02275 0.19825
0 0.40075 0.66375 0.009 0.19725
0 0.57275 0.69175 0.0095 0.14225
0 0.695 0.6005 0.00825 0.059
0 0.69375 0.73375 0.0095 0.06075
0 0.963 0.492 0.0225 0.5435
0 0.6945 0.33425 0.00775 0.22825
0 0.45275 0.274 0.0065 0.1135
0 0.45175 0.392 0.00725 0.11
0 0.58025 0.2745 0.00725 0.10725
0 0.5805 0.3925 0.00775 0.10925
0 0.5158929105 0.567062873 0.568112437 0.6206188105 0.5741146804999999 0.6149481825 0.5197943685 0.559187 0.5158929105 0.567062873
0 0.3245 0.50525 0.008 0.09575