0 0.077160494 0.18018018 0.077160494 0.20195195200000002 0.8703703705 0.20195195200000002 0.8703703705 0.18018018 0.077160494 0.18018018
0 0.855967078 0.18018018 0.855967078 0.8641141139999999 0.8708847735 0.8641141139999999 0.8708847735 0.18018018 0.855967078 0.18018018
0 0.635288066 0.8430930929999999 0.635288066 0.864864865 0.8708847735 0.864864865 0.8708847735 0.8430930929999999 0.635288066 0.8430930929999999
0 0.4758230455 0.8430930929999999 0.077674897 0.8430930929999999 0.077674897 0.864864865 0.4758230455 0.864864865 0.4758230455 0.8430930929999999
0 0.09207818949999999 0.1794294295 0.077160494 0.18018018 0.077160494 0.864864865 0.0925925925 0.8641141139999999 0.09207818949999999 0.1794294295
0 0.513888889 0.9114114114999999 0.513888889 0.933183183 0.5946502060000001 0.933183183 0.5946502060000001 0.9114114114999999 0.513888889 0.9114114114999999
0 0.635288066 0.8430930929999999 0.5838477365 0.9174174175 0.5946502060000001 0.933183183 0.6455761314999999 0.858108108 0.635288066 0.8430930929999999
0 0.672839506 0.47222222199999997 0.6682098765 0.47222222199999997 0.6682098765 0.8423423425 0.672839506 0.8423423425 0.672839506 0.47222222199999997
0 0.6682098765 0.47222222199999997 0.6682098765 0.47897897899999997 0.855452675 0.47897897899999997 0.855452675 0.47222222199999997 0.6682098765 0.47222222199999997
0 0.7273662550000001 0.6636636635 0.6733539095 0.6636636635 0.6733539095 0.671921922 0.7273662550000001 0.671921922 0.7273662550000001 0.6636636635
0 0.7649176955 0.6193693695 0.723765432 0.665165165 0.7273662550000001 0.671921922 0.7685185185000001 0.626126126 0.7649176955 0.6193693695
0 0.768004115 0.47972972950000004 0.762345679 0.47972972950000004 0.762345679 0.62012012 0.768004115 0.62012012 0.768004115 0.47972972950000004
0 0.765432099 0.62012012 0.765432099 0.6283783785 0.855967078 0.6283783785 0.855967078 0.62012012 0.765432099 0.62012012
0 0.2896090535 0.665165165 0.2839506175 0.665165165 0.2839506175 0.8430930929999999 0.2896090535 0.8430930929999999 0.2896090535 0.665165165
0 0.2474279835 0.5953453455 0.242798354 0.6013513515 0.28549382700000003 0.6704204205 0.290123457 0.665165165 0.2474279835 0.5953453455
0 0.24331275700000002 0.20195195200000002 0.24331275700000002 0.6013513515 0.2489711935 0.6013513515 0.2489711935 0.20195195200000002 0.24331275700000002 0.20195195200000002
0 0.09207818949999999 0.5405405405 0.09207818949999999 0.5487987990000001 0.242798354 0.5487987990000001 0.242798354 0.5405405405 0.09207818949999999 0.5405405405
0 0.181584362 0.5495495495 0.175925926 0.5495495495 0.175925926 0.596846847 0.181584362 0.596846847 0.181584362 0.5495495495
0 0.17695473250000002 0.590840841 0.144032922 0.6403903905 0.14814814799999998 0.6463963965 0.181069959 0.596846847 0.17695473250000002 0.590840841
0 0.09207818949999999 0.6381381380000001 0.09207818949999999 0.6463963965 0.14814814799999998 0.6463963965 0.14814814799999998 0.6381381380000001 0.09207818949999999 0.6381381380000001
0 0.4089506175 0.4594594595 0.2489711935 0.4594594595 0.2489711935 0.4677177175 0.4089506175 0.4677177175 0.4089506175 0.4594594595
0 0.403292181 0.20195195200000002 0.403292181 0.4677177175 0.4089506175 0.4677177175 0.4089506175 0.20195195200000002 0.403292181 0.20195195200000002
0 0.4449588475 0.596096096 0.4393004115 0.596096096 0.4393004115 0.8430930929999999 0.4449588475 0.8430930929999999 0.4449588475 0.596096096
0 0.4393004115 0.596096096 0.4393004115 0.6043543545 0.476851852 0.6043543545 0.476851852 0.596096096 0.4393004115 0.596096096
0 0.4393004115 0.6644144145 0.4022633745 0.6644144145 0.4022633745 0.6726726725 0.4393004115 0.6726726725 0.4393004115 0.6644144145
0 0.4022633745 0.6644144145 0.371399177 0.7079579579999999 0.375 0.713213213 0.40586419749999997 0.6696696695000001 0.4022633745 0.6644144145
0 0.371399177 0.7079579579999999 0.371399177 0.8430930929999999 0.377057613 0.8430930929999999 0.377057613 0.7079579579999999 0.371399177 0.7079579579999999
0 0.3724279835 0.7094594595 0.2896090535 0.71021021 0.290123457 0.7177177175 0.3724279835 0.716966967 0.3724279835 0.7094594595
0 0.6471193415000001 0.4174174175 0.6471193415000001 0.5142642645 0.6687242800000001 0.5142642645 0.6687242800000001 0.4174174175 0.6471193415000001 0.4174174175
0 0.6471193415000001 0.5052552555 0.605452675 0.5052552555 0.605452675 0.5142642645 0.6471193415000001 0.5142642645 0.6471193415000001 0.5052552555
0 0.6049382715 0.5045045045 0.6049382715 0.5593093095 0.611111111 0.5593093095 0.611111111 0.5045045045 0.6049382715 0.5045045045
0 0.6368312755 0.5983483485000001 0.6368312755 0.6073573575000001 0.6682098765 0.6073573575000001 0.6682098765 0.5983483485000001 0.6368312755 0.5983483485000001
0 0.695473251 0.6021021019999999 0.6733539095 0.6021021019999999 0.6733539095 0.6103603605 0.695473251 0.6103603605 0.695473251 0.6021021019999999
0 0.475308642 0.8423423425 0.465020576 0.8573573575000001 0.513888889 0.933183183 0.5241769545 0.918168168 0.475308642 0.8423423425
0 0.6625514405 0.20195195200000002 0.6625514405 0.5142642645 0.6687242800000001 0.5142642645 0.6687242800000001 0.20195195200000002 0.6625514405 0.20195195200000002