0 0.4410616705 0.049973972000000005 0.4410616705 0.0265486725 0.0296643245 0.0265486725 0.0296643245 0.049973972000000005 0.4410616705 0.049973972000000005
0 0.4410616705 0.515356585 0.4410616705 0.0265486725 0.42349726800000004 0.0265486725 0.42349726800000004 0.515356585 0.4410616705 0.515356585
0 0.4410616705 0.515356585 0.4410616705 0.491931286 0.0296643245 0.491931286 0.0296643245 0.515356585 0.4410616705 0.515356585
0 0.0472287275 0.515356585 0.0472287275 0.0265486725 0.0296643245 0.0265486725 0.0296643245 0.515356585 0.0472287275 0.515356585
0 0.0296643245 0.2753774075 0.1713505075 0.2753774075 0.1713505075 0.2675689745 0.0296643245 0.2675689745 0.0296643245 0.2753774075
0 0.1713505075 0.351900052 0.1713505075 0.2675689745 0.1654957065 0.2675689745 0.1654957065 0.351900052 0.1713505075 0.351900052
0 0.1709601875 0.35137948999999996 0.1709601875 0.34357105649999997 0.14363778300000002 0.34357105649999997 0.14363778300000002 0.35137948999999996 0.1709601875 0.35137948999999996
0 0.150273224 0.515356585 0.150273224 0.34409161899999996 0.144028103 0.34409161899999996 0.144028103 0.515356585 0.150273224 0.515356585
0 0.0296643245 0.389901093 0.150273224 0.389901093 0.150273224 0.38157209799999997 0.0296643245 0.38157209799999997 0.0296643245 0.389901093
0 0.144028103 0.44612181149999997 0.22287275550000002 0.44612181149999997 0.22287275550000002 0.43779281600000003 0.144028103 0.43779281600000003 0.144028103 0.44612181149999997
0 0.22287275550000002 0.515356585 0.22287275550000002 0.43779281600000003 0.2170179545 0.43779281600000003 0.2170179545 0.515356585 0.22287275550000002 0.515356585
0 0.22326307550000002 0.105153566 0.245120999 0.105153566 0.245120999 0.0265486725 0.22326307550000002 0.0265486725 0.22326307550000002 0.105153566
0 0.232240437 0.2847475275 0.238485558 0.2847475275 0.238485558 0.105153566 0.232240437 0.105153566 0.232240437 0.2847475275
0 0.238485558 0.2847475275 0.238485558 0.27433628299999996 0.207259953 0.27433628299999996 0.207259953 0.2847475275 0.238485558 0.2847475275
0 0.2954722875 0.292035398 0.4410616705 0.292035398 0.4410616705 0.2831858405 0.2954722875 0.2831858405 0.2954722875 0.292035398
0 0.3021077285 0.515356585 0.3021077285 0.2831858405 0.2954722875 0.2831858405 0.2954722875 0.515356585 0.3021077285 0.515356585
0 0.6295862605 0.6574700675 0.6295862605 0.6449765745 0.1471506635 0.6449765745 0.1471506635 0.6574700675 0.6295862605 0.6574700675
0 0.6295862605 0.871941697 0.6295862605 0.6444560125000001 0.620218579 0.6444560125000001 0.620218579 0.871941697 0.6295862605 0.871941697
0 0.6295862605 0.872462259 0.6295862605 0.8599687665 0.1471506635 0.8599687665 0.1471506635 0.872462259 0.6295862605 0.872462259
0 0.156128025 0.871941697 0.156128025 0.6444560125000001 0.1467603435 0.6444560125000001 0.1467603435 0.871941697 0.156128025 0.871941697
0 0.388368462 0.871941697 0.394613583 0.871941697 0.394613583 0.6444560125000001 0.388368462 0.6444560125000001 0.388368462 0.871941697
0 0.507025761 0.871941697 0.513270882 0.871941697 0.513270882 0.6444560125000001 0.507025761 0.6444560125000001 0.507025761 0.871941697
0 0.5398126465 0.5216033314999999 0.556986729 0.5216033314999999 0.556986729 0.027589797 0.5398126465 0.027589797 0.5398126465 0.5216033314999999
0 0.8953942235 0.522644456 0.907494145 0.522644456 0.907494145 0.0265486725 0.8953942235 0.0265486725 0.8953942235 0.522644456
0 0.5402029665 0.0666319625 0.7119437940000001 0.0666319625 0.7119437940000001 0.054659032 0.5402029665 0.054659032 0.5402029665 0.0666319625
0 0.7119437940000001 0.0666319625 0.7119437940000001 0.0317542945 0.7029664325 0.0317542945 0.7029664325 0.0666319625 0.7119437940000001 0.0666319625
0 0.75019516 0.0437272255 0.75019516 0.0317542945 0.7029664325 0.0317542945 0.7029664325 0.0437272255 0.75019516 0.0437272255
0 0.75019516 0.08172826650000001 0.75019516 0.0317542945 0.7412177984999999 0.0317542945 0.7412177984999999 0.08172826650000001 0.75019516 0.08172826650000001
0 0.9078844655 0.0812077045 0.9078844655 0.0692347735 0.7412177984999999 0.0692347735 0.7412177984999999 0.0812077045 0.9078844655 0.0812077045
0 0.7170179544999999 0.0910983865 0.7373145980000001 0.0910983865 0.7373145980000001 0.0317542945 0.7170179544999999 0.0317542945 0.7170179544999999 0.0910983865
0 0.7412177984999999 0.0910983865 0.7521467605000001 0.0910983865 0.7521467605000001 0.08172826650000001 0.7412177984999999 0.08172826650000001 0.7412177984999999 0.0910983865
0 0.7521467605000001 0.281103592 0.7521467605000001 0.08172826650000001 0.7459016395 0.08172826650000001 0.7459016395 0.281103592 0.7521467605000001 0.281103592
0 0.5402029665 0.4888079125 0.711553474 0.4888079125 0.711553474 0.472670484 0.5402029665 0.472670484 0.5402029665 0.4888079125
0 0.711553474 0.522644456 0.711553474 0.472670484 0.7017954725 0.472670484 0.7017954725 0.522644456 0.711553474 0.522644456
0 0.7900078065 0.522644456 0.7900078065 0.5059864655 0.7017954725 0.5059864655 0.7017954725 0.522644456 0.7900078065 0.522644456
0 0.7900078065 0.522644456 0.7900078065 0.472670484 0.781030445 0.472670484 0.781030445 0.522644456 0.7900078065 0.522644456
0 0.9078844655 0.487766788 0.9078844655 0.472670484 0.781030445 0.472670484 0.781030445 0.487766788 0.9078844655 0.487766788
0 0.704918033 0.472670484 0.711553474 0.472670484 0.711553474 0.273295159 0.704918033 0.273295159 0.704918033 0.472670484
0 0.9078844655 0.2805830295 0.9078844655 0.27277459649999997 0.704918033 0.27277459649999997 0.704918033 0.2805830295 0.9078844655 0.2805830295
0 0.8153786105 0.281103592 0.8212334115 0.281103592 0.8212334115 0.069755336 0.8153786105 0.069755336 0.8153786105 0.281103592
0 0.7459016395 0.12805830299999998 0.8212334115 0.12805830299999998 0.8212334115 0.12024987 0.7459016395 0.12024987 0.7459016395 0.12805830299999998
0 0.5402029665 0.2805830295 0.6268540205 0.2805830295 0.6268540205 0.27277459649999997 0.5402029665 0.27277459649999997 0.5402029665 0.2805830295