0 0.3665 0.80925 0.57825 0.0205
0 0.75175 0.811 0.2235 0.01725
0 0.858 0.5665 0.01175 0.506
0 0.75175 0.32125 0.2235 0.01525
0 0.64775 0.5665 0.01525 0.506
0 0.64975 0.25075 0.0195 0.15625
0 0.3685 0.1835 0.58225 0.02125
0 0.0835 0.496 0.01225 0.647
0 0.17375 0.50175 0.16875 0.0065
0 0.2545 0.64875 0.00775 0.30075
0 0.40325 0.64775 0.00775 0.30275
0 0.522 0.34925 0.00825 0.31125
0 0.522 0.55125 0.00875 0.09275
0 0.57875 0.59275 0.12225 0.01
0 0.46675 0.593 0.1195 0.00925
0 0.58325 0.47975 0.1135 0.00925
0 0.7535 0.44575 0.1965 0.0105
0 0.58325 0.37975 0.1135 0.0085
0 0.86025 0.257 0.007 0.114
0 0.852 0.1865 0.023 0.02725
0 0.36375 0.50025 0.0865 0.008
0 0.324 0.349 0.007 0.3105
0 0.32875 0.736 0.14125 0.008
0 0.17 0.595 0.16125 0.008
0 0.17675 0.548 0.007 0.086
0 0.271 0.7695 0.006 0.059
0 0.463 0.50075 0.127 0.0085