0 0.495 0.0425 0.971 0.02425
0 0.97325 0.168 0.0145 0.275
0 0.85175 0.2925 0.25775 0.02675
0 0.732 0.536 0.01825 0.51425
0 0.37525 0.77775 0.73175 0.03075
0 0.0185 0.4115 0.01825 0.76225
0 0.72725 0.16675 0.00925 0.22375
0 0.55875 0.40825 0.00725 0.70725
0 0.5995 0.44975 0.07425 0.01225
0 0.63425 0.4265 0.00525 0.0585
0 0.67725 0.40225 0.0915 0.009
0 0.477 0.1775 0.00625 0.24575
0 0.5145 0.29525 0.0815 0.0105
0 0.5175 0.167 0.07525 0.0105
0 0.07675 0.3235 0.09775 0.0105
0 0.1225 0.3515 0.00625 0.06725
0 0.18225 0.38 0.12575 0.0105
0 0.24175 0.5685 0.00625 0.38775
0 0.13325 0.57125 0.211 0.0105
0 0.13775 0.47575 0.00625 0.18075
0 0.17575 0.3235 0.10025 0.0105
0 0.2225 0.34625 0.00625 0.05675
0 0.2225 0.19175 0.00625 0.27425
0 0.44275 0.405 0.038 0.0105
0 0.4585 0.581 0.00625 0.3625
0 0.046 0.419 0.0365 0.0105