0 0.75275 0.107 0.32325 0.013
0 0.75125 0.6355 0.32075 0.01875
0 0.5955 0.3705 0.01175 0.5105
0 0.90575 0.371 0.011 0.508
0 0.3215 0.106 0.32175 0.01375
0 0.32025 0.629 0.32275 0.02725
0 0.1645 0.365 0.0105 0.4995
0 0.47625 0.3655 0.011 0.49475
0 0.30275 0.786 0.174 0.013
0 0.21875 0.7115 0.00675 0.1325
0 0.314 0.7105 0.006 0.1345
0 0.27325 0.442 0.20625 0.01025
0 0.30525 0.53025 0.00525 0.16725
0 0.37525 0.41125 0.0035 0.18275
0 0.4225 0.49975 0.09125 0.009
0 0.38725 0.55775 0.006 0.10375
0 0.38375 0.71275 0.0125 0.13075
0 0.80975 0.3065 0.00525 0.38025
0 0.85575 0.48975 0.0875 0.00875
0 0.73575 0.356 0.0045 0.47825
0 0.645 0.38725 0.08725 0.0115
0 0.70925 0.33475 0.04775 0.01075
0 0.6875 0.3585 0.0045 0.03425
0 0.773 0.41675 0.0675 0.0085
0 0.84175 0.55975 0.006 0.12675