0 0.21560035049999998 0.919117647 0.21560035049999998 0.0392156865 0.1875547765 0.0392156865 0.1875547765 0.919117647 0.21560035049999998 0.919117647
0 0.954425942 0.074754902 0.954425942 0.0392156865 0.1875547765 0.0392156865 0.1875547765 0.074754902 0.954425942 0.074754902
0 0.953549518 0.7291666665000001 0.953549518 0.0392156865 0.9386503065 0.0392156865 0.9386503065 0.7291666665000001 0.953549518 0.7291666665000001
0 0.954425942 0.730392157 0.954425942 0.707107843 0.8413672215 0.707107843 0.8413672215 0.730392157 0.954425942 0.730392157
0 0.855390009 0.919117647 0.855390009 0.707107843 0.8413672215 0.707107843 0.8413672215 0.919117647 0.855390009 0.919117647
0 0.855390009 0.917892157 0.855390009 0.8982843135 0.7458369850000001 0.8982843135 0.7458369850000001 0.917892157 0.855390009 0.917892157
0 0.744960561 0.917892157 0.744960561 0.8897058825 0.6003505695 0.8897058825 0.6003505695 0.917892157 0.744960561 0.917892157
0 0.6003505695 0.917892157 0.6003505695 0.8970588235 0.1875547765 0.8970588235 0.1875547765 0.917892157 0.6003505695 0.917892157
0 0.037686239999999996 0.919117647 0.21560035049999998 0.919117647 0.21560035049999998 0.8982843135 0.037686239999999996 0.8982843135 0.037686239999999996 0.919117647
0 0.1051709025 0.506127451 0.21560035049999998 0.506127451 0.21560035049999998 0.4852941175 0.1051709025 0.4852941175 0.1051709025 0.506127451
0 0.5442594215000001 0.4852941175 0.7992988605000001 0.4852941175 0.7992988605000001 0.4730392155 0.5442594215000001 0.4730392155 0.5442594215000001 0.4852941175
0 0.5530236635 0.4852941175 0.5530236635 0.0392156865 0.5442594215000001 0.0392156865 0.5442594215000001 0.4852941175 0.5530236635 0.4852941175
0 0.7116564415000001 0.4852941175 0.7204206835 0.4852941175 0.7204206835 0.0392156865 0.7116564415000001 0.0392156865 0.7116564415000001 0.4852941175
0 0.434706398 0.6384803920000001 0.6099912359999999 0.6384803920000001 0.6099912359999999 0.62622549 0.434706398 0.62622549 0.434706398 0.6384803920000001
0 0.6099912359999999 0.707107843 0.6099912359999999 0.62622549 0.601226994 0.62622549 0.601226994 0.707107843 0.6099912359999999 0.707107843
0 0.601226994 0.919117647 0.6134969324999999 0.919117647 0.6134969324999999 0.707107843 0.601226994 0.707107843 0.601226994 0.919117647
0 0.744960561 0.7230392154999999 0.744960561 0.705882353 0.6003505695 0.705882353 0.6003505695 0.7230392154999999 0.744960561 0.7230392154999999
0 0.7458369850000001 0.718137255 0.855390009 0.718137255 0.855390009 0.707107843 0.7458369850000001 0.707107843 0.7458369850000001 0.718137255
0 0.7291849254999999 0.919117647 0.7458369850000001 0.919117647 0.7458369850000001 0.707107843 0.7291849254999999 0.707107843 0.7291849254999999 0.919117647
0 0.7291849254999999 0.8602941175 0.764241893 0.8602941175 0.764241893 0.849264706 0.7291849254999999 0.849264706 0.7291849254999999 0.8602941175
0 0.764241893 0.919117647 0.764241893 0.849264706 0.7572304995 0.849264706 0.7572304995 0.919117647 0.764241893 0.919117647
0 0.46976336550000003 0.919117647 0.476774759 0.919117647 0.476774759 0.62622549 0.46976336550000003 0.62622549 0.46976336550000003 0.919117647
0 0.7992988605000001 0.481617647 0.954425942 0.481617647 0.954425942 0.4730392155 0.7992988605000001 0.4730392155 0.7992988605000001 0.481617647
0 0.417177914 0.8394607845000001 0.476774759 0.8394607845000001 0.476774759 0.8296568625 0.417177914 0.8296568625 0.417177914 0.8394607845000001
0 0.4241893075 0.919117647 0.4241893075 0.8296568625 0.417177914 0.8296568625 0.417177914 0.919117647 0.4241893075 0.919117647