0 0.28575 0.39025 0.363 0.01825
0 0.113 0.62375 0.019 0.486
0 0.35175 0.8575 0.49625 0.01825
0 0.733 0.861 0.26525 0.0115
0 0.85325 0.834 0.02475 0.0655
0 0.85825 0.76125 0.03525 0.0805
0 0.8675 0.57375 0.017 0.295
0 0.863 0.37 0.02575 0.113
0 0.655 0.32325 0.442 0.0195
0 0.4505 0.35625 0.03325 0.08625
0 0.72575 0.7275 0.2995 0.0125
0 0.588 0.794 0.02375 0.1455
0 0.694 0.52375 0.0085 0.4205
0 0.78275 0.42325 0.18625 0.00575
0 0.78275 0.56075 0.18625 0.00525
0 0.78275 0.64825 0.18625 0.00525
0 0.461 0.75975 0.0085 0.214
0 0.28475 0.65575 0.36125 0.00525
0 0.51625 0.724 0.11875 0.00525
0 0.461 0.53375 0.0085 0.137
0 0.49375 0.5995 0.07425 0.00525
0 0.662 0.5995 0.07225 0.00525
0 0.1255 0.3475 0.0115 0.06675