0 0.0278670955 0.995121951 0.0278670955 0.019512195 0.0042872455 0.019512195 0.0042872455 0.995121951 0.0278670955 0.995121951
0 0.9946409429999999 0.995121951 0.9946409429999999 0.9593495934999999 0.0042872455 0.9593495934999999 0.0042872455 0.995121951 0.9946409429999999 0.995121951
0 0.9946409429999999 0.995121951 0.9946409429999999 0.8585365855 0.9367631295 0.8585365855 0.9367631295 0.995121951 0.9946409429999999 0.995121951
0 0.9946409429999999 0.856910569 0.9946409429999999 0.24552845550000002 0.969989282 0.243902439 0.969989282 0.856910569 0.9946409429999999 0.856910569
0 0.993569132 0.2796747965 0.993569132 0.243902439 0.629153269 0.243902439 0.629153269 0.2796747965 0.993569132 0.2796747965
0 0.6538049305 0.281300813 0.6538049305 0.019512195 0.6302250805 0.019512195 0.6302250805 0.281300813 0.6538049305 0.281300813
0 0.6538049305 0.055284553 0.6538049305 0.019512195 0.0042872455 0.019512195 0.0042872455 0.055284553 0.6538049305 0.055284553
0 0.966773848 0.24552845550000002 0.9946409429999999 0.24552845550000002 0.9946409429999999 0.019512195 0.966773848 0.019512195 0.966773848 0.24552845550000002
0 0.6538049305 0.03902439 0.659163987 0.03902439 0.659163987 0.019512195 0.6538049305 0.019512195 0.6538049305 0.03902439
0 0.392282958 0.995121951 0.404072883 0.995121951 0.404072883 0.019512195 0.392282958 0.019512195 0.392282958 0.995121951
0 0.6302250805 0.995121951 0.6420150055 0.995121951 0.6420150055 0.281300813 0.6302250805 0.281300813 0.6302250805 0.995121951
0 0.392282958 0.6699186989999999 0.6420150055 0.6699186989999999 0.6420150055 0.6520325205 0.392282958 0.6520325205 0.392282958 0.6699186989999999
0 0.392282958 0.4357723575 0.6420150055 0.4357723575 0.6420150055 0.41951219500000003 0.392282958 0.41951219500000003 0.392282958 0.4357723575
0 0.540192926 0.468292683 0.540192926 0.43414634150000003 0.474812433 0.43414634150000003 0.474812433 0.468292683 0.540192926 0.468292683
0 0.5980707394999999 0.4357723575 0.6302250805 0.4357723575 0.6302250805 0.3203252035 0.5980707394999999 0.3203252035 0.5980707394999999 0.4357723575