0 0.487 0.74875 0.8165 0.03025
0 0.525 0.63425 0.26875 0.00875
0 0.3955 0.5695 0.00975 0.12125
0 0.3955 0.68775 0.00925 0.0965
0 0.50425 0.6875 0.00875 0.09675
0 0.58525 0.6875 0.00825 0.09475
0 0.65325 0.6865 0.0095 0.09775
0 0.77 0.4315 0.246 0.01075
0 0.65225 0.5325 0.0095 0.19075
0 0.8835 0.586 0.02475 0.2945
0 0.882 0.2755 0.02425 0.2965
0 0.652 0.234 0.0105 0.211
0 0.5785 0.34475 0.15725 0.0095
0 0.65175 0.388 0.00725 0.07825
0 0.4875 0.11625 0.81525 0.02275
0 0.09125 0.43225 0.02425 0.6095
0 0.3365 0.19725 0.0115 0.1375
0 0.50475 0.1965 0.01025 0.13775
0 0.42075 0.271 0.18125 0.016
0 0.50675 0.30975 0.0095 0.06025
0 0.50575 0.38725 0.009 0.0785
0 0.43875 0.431 0.14275 0.01125
0 0.37475 0.38375 0.01125 0.0825