0 0.8184836745 0.20280236 0.8184836745 0.1902654865 0.18206972899999999 0.1902654865 0.18206972899999999 0.20280236 0.8184836745 0.20280236
0 0.8184836745 0.7300884955 0.8184836745 0.1902654865 0.8090758164999999 0.1902654865 0.8090758164999999 0.7300884955 0.8184836745 0.7300884955
0 0.8184836745 0.7300884955 0.8184836745 0.7175516225 0.579966796 0.7175516225 0.579966796 0.7300884955 0.8184836745 0.7300884955
0 0.589374654 0.883480826 0.589374654 0.7175516225 0.579966796 0.7175516225 0.579966796 0.883480826 0.589374654 0.883480826
0 0.589374654 0.883480826 0.589374654 0.8709439529999999 0.18206972899999999 0.8709439529999999 0.18206972899999999 0.883480826 0.589374654 0.883480826
0 0.1909241835 0.882743363 0.1909241835 0.1902654865 0.1815163255 0.18952802349999998 0.1815163255 0.882743363 0.1909241835 0.882743363
0 0.437742114 0.6607669615 0.4382955175 0.6482300885 0.18206972899999999 0.645280236 0.1815163255 0.6585545724999999 0.437742114 0.6607669615
0 0.4382955175 0.883480826 0.4382955175 0.6482300885 0.428887659 0.6482300885 0.428887659 0.883480826 0.4382955175 0.883480826
0 0.428887659 0.7463126845000001 0.589374654 0.7463126845000001 0.589374654 0.733775811 0.428887659 0.733775811 0.428887659 0.7463126845000001
0 0.428887659 0.5781710915 0.4382955175 0.5781710915 0.4382955175 0.1902654865 0.428887659 0.1902654865 0.428887659 0.5781710915
0 0.553403431 0.5781710915 0.726618705 0.5781710915 0.726618705 0.5656342185 0.553403431 0.5656342185 0.553403431 0.5781710915
0 0.6325401215 0.5781710915 0.6419479800000001 0.5781710915 0.6419479800000001 0.1902654865 0.6325401215 0.1902654865 0.6325401215 0.5781710915
0 0.1815163255 0.18952802349999998 0.1909241835 0.18952802349999998 0.1909241835 0.029498525 0.1815163255 0.029498525 0.1815163255 0.18952802349999998
0 0.428887659 0.18952802349999998 0.4382955175 0.18952802349999998 0.4382955175 0.029498525 0.428887659 0.029498525 0.428887659 0.18952802349999998