0 0.79375 0.6025 0.306 0.0065
0 0.94025 0.3275 0.0135 0.5565
0 0.503 0.05375 0.888 0.00925
0 0.06575 0.5075 0.0135 0.91625
0 0.169 0.96125 0.21975 0.00925
0 0.272 0.75675 0.0135 0.41775
0 0.46 0.5525 0.3895 0.00975
0 0.6475 0.57675 0.0135 0.058
0 0.94025 0.69775 0.0135 0.18425
0 0.94325 0.8775 0.0075 0.1755
0 0.169 0.81775 0.21975 0.00825
0 0.169 0.734 0.21975 0.0065
0 0.169 0.6065 0.21975 0.0065
0 0.26975 0.52075 0.00875 0.05425
0 0.2445 0.47025 0.059 0.0515
0 0.139 0.4475 0.16075 0.006
0 0.322 0.49275 0.11325 0.006
0 0.37525 0.5235 0.00675 0.0675
0 0.37475 0.4465 0.0075 0.086
0 0.503 0.25475 0.888 0.005
0 0.294 0.15325 0.00675 0.20825
0 0.4765 0.15325 0.00675 0.20825
0 0.712 0.10075 0.00675 0.1035
0 0.69275 0.15025 0.0455 0.0045
0 0.673 0.20275 0.00675 0.1095
0 0.0655 0.03825 0.013 0.022
0 0.94 0.03625 0.01425 0.02625
0 0.21875 0.35125 0.00675 0.198
0 0.1405 0.323 0.16275 0.0045
0 0.37525 0.33975 0.00675 0.04375
0 0.51225 0.32025 0.28075 0.0045
0 0.64925 0.37925 0.00675 0.12275
0 0.4665 0.48425 0.00675 0.1465
0 0.42025 0.443 0.099 0.0045
0 0.651 0.54375 0.00675 0.00825
0 0.6475 0.60875 0.0135 0.006