0 0.10402684549999999 0.034217279499999996 0.10402684549999999 0.054747647499999996 0.46196868 0.054747647499999996 0.46196868 0.034217279499999996 0.10402684549999999 0.034217279499999996
0 0.438478747 0.034217279499999996 0.438478747 0.151411463 0.46196868 0.151411463 0.46196868 0.034217279499999996 0.438478747 0.034217279499999996
0 0.438478747 0.131736527 0.438478747 0.151411463 0.9071588365 0.151411463 0.9071588365 0.131736527 0.438478747 0.131736527
0 0.8814317675 0.131736527 0.8814317675 0.864841745 0.9071588365 0.864841745 0.9071588365 0.131736527 0.8814317675 0.131736527
0 0.438478747 0.845166809 0.438478747 0.864841745 0.9071588365 0.864841745 0.9071588365 0.845166809 0.438478747 0.845166809
0 0.438478747 0.845166809 0.438478747 0.9623609925 0.46420581650000003 0.9623609925 0.46420581650000003 0.845166809 0.438478747 0.845166809
0 0.10402684549999999 0.9409751925000001 0.10402684549999999 0.9623609925 0.46420581650000003 0.9623609925 0.46420581650000003 0.9409751925000001 0.10402684549999999 0.9409751925000001
0 0.10402684549999999 0.034217279499999996 0.10402684549999999 0.9623609925 0.129753915 0.9623609925 0.129753915 0.034217279499999996 0.10402684549999999 0.034217279499999996
0 0.45302013399999996 0.131736527 0.438478747 0.131736527 0.438478747 0.864841745 0.45302013399999996 0.864841745 0.45302013399999996 0.131736527
0 0.45302013399999996 0.375534645 0.10402684549999999 0.375534645 0.10402684549999999 0.384944397 0.45302013399999996 0.384944397 0.45302013399999996 0.375534645
0 0.45302013399999996 0.504704876 0.10402684549999999 0.504704876 0.10402684549999999 0.5141146280000001 0.45302013399999996 0.5141146280000001 0.45302013399999996 0.504704876
0 0.322147651 0.375534645 0.3098434005 0.375534645 0.3098434005 0.5141146280000001 0.322147651 0.5141146280000001 0.322147651 0.375534645
0 0.45302013399999996 0.653550043 0.10402684549999999 0.653550043 0.10402684549999999 0.6629597945000001 0.45302013399999996 0.6629597945000001 0.45302013399999996 0.653550043
0 0.9071588365 0.5842600515 0.5704697985 0.5842600515 0.5704697985 0.5936698035 0.9071588365 0.5936698035 0.9071588365 0.5842600515
0 0.5704697985 0.5834046195 0.5704697985 0.863986313 0.582774049 0.863986313 0.582774049 0.5834046195 0.5704697985 0.5834046195
0 0.582774049 0.73396065 0.438478747 0.73396065 0.438478747 0.743370402 0.582774049 0.743370402 0.582774049 0.73396065
0 0.9071588365 0.45594525249999995 0.5715883669999999 0.45594525249999995 0.5715883669999999 0.4653550045 0.9071588365 0.4653550045 0.9071588365 0.45594525249999995
0 0.7695749439999999 0.45594525249999995 0.7572706935 0.45594525249999995 0.7572706935 0.5936698035 0.7695749439999999 0.5936698035 0.7695749439999999 0.45594525249999995