0 0.80575 0.808 0.14575 0.011
0 0.73925 0.7 0.01225 0.22725
0 0.683 0.59225 0.12475 0.0115
0 0.62675 0.54475 0.01225 0.10675
0 0.74975 0.497 0.258 0.0115
0 0.8725 0.6525 0.01225 0.32225
0 0.812 0.58875 0.1335 0.00475
0 0.6795 0.54475 0.00425 0.10675
0 0.30125 0.88775 0.47425 0.0125
0 0.0715 0.8135 0.01525 0.16125
0 0.124 0.74025 0.12 0.01425
0 0.1765 0.7185 0.01525 0.05775
0 0.1765 0.631 0.01525 0.11675
0 0.3535 0.57975 0.36975 0.01425
0 0.53075 0.7335 0.01525 0.3215
0 0.45975 0.81475 0.0045 0.159
0 0.498 0.7385 0.08075 0.00625
0 0.39 0.81475 0.00575 0.159
0 0.42525 0.758 0.0645 0.00475
0 0.31325 0.8145 0.005 0.15925
0 0.29425 0.738 0.04275 0.00675
0 0.18 0.7595 0.00775 0.02425
0 0.2245 0.767 0.09675 0.009
0 0.2705 0.672 0.0045 0.19875
0 0.2185 0.63075 0.0995 0.00375
0 0.20875 0.60275 0.004 0.06
0 0.226 0.69225 0.0845 0.00525
0 0.2865 0.72825 0.0275 0.013
0 0.4635 0.69475 0.14975 0.00475
0 0.391 0.63475 0.005 0.1245
0 0.42525 0.805 0.0645 0.00425
0 0.07875 0.27675 0.01275 0.15925
0 0.1305 0.20325 0.11625 0.012
0 0.18225 0.1225 0.01275 0.1735
0 0.3615 0.04175 0.371 0.012
0 0.5405 0.196 0.01275 0.32075
0 0.30975 0.3505 0.4745 0.012
0 0.32175 0.25775 0.00625 0.19775
0 0.2755 0.2005 0.08625 0.00425
0 0.23425 0.21075 0.0035 0.0245
0 0.23425 0.277 0.0035 0.03925
0 0.23425 0.341 0.0035 0.03125
0 0.3995 0.196 0.00625 0.32075
0 0.47475 0.16 0.1445 0.006
0 0.47475 0.22175 0.1445 0.006
0 0.4765 0.191 0.005 0.05575
0 0.2995 0.192 0.0385 0.013