0 0.48925 0.102 0.74825 0.021
0 0.85125 0.394 0.024 0.60475
0 0.488 0.68575 0.7505 0.021
0 0.1275 0.50475 0.02975 0.3835
0 0.13225 0.20225 0.039 0.2215
0 0.2425 0.56625 0.2585 0.00675
0 0.3655 0.6295 0.0125 0.1335
0 0.2295 0.2065 0.231 0.01225
0 0.3365 0.15225 0.016 0.12125
0 0.381 0.20925 0.07325 0.00675
0 0.41125 0.32475 0.0125 0.2375
0 0.392 0.45475 0.0515 0.029
0 0.2425 0.46625 0.25975 0.00625
0 0.2655 0.3095 0.30425 0.00675
0 0.63375 0.2835 0.45775 0.00675
0 0.766 0.4395 0.19325 0.00675
0 0.1345 0.74825 0.0435 0.146