0 0.05675 0.421 0.02375 0.74525
0 0.4215 0.7795 0.753 0.02825
0 0.8185 0.754 0.0645 0.07925
0 0.8385 0.62525 0.0245 0.202
0 0.8205 0.4955 0.06025 0.08025
0 0.784 0.47 0.03525 0.03
0 0.77775 0.26675 0.023 0.4365
0 0.417 0.0625 0.7445 0.02825
0 0.46925 0.74525 0.01 0.097
0 0.40275 0.70275 0.14275 0.01225
0 0.33625 0.74525 0.01 0.097
0 0.33625 0.545 0.01 0.328
0 0.193 0.48425 0.2965 0.01225
0 0.20125 0.43575 0.01 0.10925
0 0.38725 0.38625 0.092 0.0115
0 0.4285 0.4185 0.01 0.07575
0 0.513 0.4505 0.17875 0.01225
0 0.4035 0.3105 0.01 0.164
0 0.59375 0.2355 0.3905 0.014
0 0.60375 0.1455 0.013 0.194
0 0.36425 0.2355 0.06825 0.014
0 0.3355 0.1455 0.01 0.194
0 0.4565 0.1455 0.01225 0.194
0 0.2065 0.865 0.015 0.19925
0 0.28575 0.9555 0.17375 0.0185
0 0.365 0.865 0.015 0.19925
0 0.8795 0.068 0.18025 0.01775
0 0.193 0.38625 0.2965 0.0115