0 0.5161023945 0.438534279 0.16597853 0.438534279 0.16597853 0.463356974 0.5161023945 0.463356974 0.5161023945 0.438534279
0 0.4987613545 0.438534279 0.4987613545 0.888888889 0.5161023945 0.888888889 0.5161023945 0.438534279 0.4987613545 0.438534279
0 0.4987613545 0.864066194 0.4987613545 0.888888889 0.687035508 0.888888889 0.687035508 0.864066194 0.4987613545 0.864066194
0 0.6696944675 0.864066194 0.6696944675 0.9598108744999999 0.687035508 0.9598108744999999 0.687035508 0.864066194 0.6696944675 0.864066194
0 0.6696944675 0.9349881795 0.6696944675 0.9598108744999999 0.979355904 0.9598108744999999 0.979355904 0.9349881795 0.6696944675 0.9349881795
0 0.9611891 0.0295508275 0.9611891 0.9586288415 0.9785301405 0.9586288415 0.9785301405 0.0295508275 0.9611891 0.0295508275
0 0.16597853 0.0295508275 0.16597853 0.0543735225 0.979355904 0.0543735225 0.979355904 0.0295508275 0.16597853 0.0295508275
0 0.16597853 0.0295508275 0.16597853 0.463356974 0.1833195705 0.463356974 0.1833195705 0.0295508275 0.16597853 0.0295508275
0 0.631709331 0.427895981 0.623451693 0.427895981 0.623451693 0.888888889 0.631709331 0.888888889 0.631709331 0.427895981
0 0.631709331 0.0295508275 0.623451693 0.0295508275 0.623451693 0.278959811 0.631709331 0.278959811 0.631709331 0.0295508275
0 0.622625929 0.6134751775 0.622625929 0.6252955084999999 0.9785301405 0.6252955084999999 0.9785301405 0.6134751775 0.622625929 0.6134751775
0 0.622625929 0.437352246 0.622625929 0.449172577 0.9785301405 0.449172577 0.9785301405 0.437352246 0.622625929 0.437352246
0 0.8166804295 0.437352246 0.7877786955 0.437352246 0.7877786955 0.6252955084999999 0.8166804295 0.6252955084999999 0.8166804295 0.437352246