0 0.1745 0.30375 0.0185 0.4125
0 0.11225 0.494 0.14325 0.03175
0 0.0515 0.71325 0.02175 0.46925
0 0.25425 0.93775 0.4275 0.02
0 0.46125 0.87175 0.01375 0.152
0 0.65125 0.80575 0.394 0.02
0 0.837 0.45625 0.0225 0.71775
0 0.50675 0.12075 0.683 0.04675
0 0.103 0.13375 0.12475 0.02075
0 0.35475 0.5025 0.22025 0.015
0 0.4595 0.6525 0.01025 0.28525
0 0.4595 0.327 0.01025 0.36575
0 0.56475 0.46975 0.00825 0.651
0 0.69725 0.504 0.257 0.012
0 0.4065 0.69025 0.0955 0.016
0 0.36425 0.80525 0.011 0.2455
0 0.21075 0.745 0.2965 0.012
0 0.412 0.88775 0.0845 0.012
0 0.253 0.8395 0.00825 0.177
0 0.5125 0.29875 0.096 0.011