0 0.15375 0.573 0.0145 0.6605
0 0.79025 0.573 0.0145 0.6605
0 0.6475 0.8965 0.3 0.013
0 0.50525 0.8645 0.0145 0.07675
0 0.437 0.83275 0.15025 0.013
0 0.36925 0.8645 0.0145 0.07675
0 0.26125 0.8965 0.23025 0.013
0 0.3715 0.66325 0.007 0.32575
0 0.268 0.5035 0.21425 0.00625
0 0.2645 0.74 0.2075 0.00625
0 0.2975 0.62175 0.007 0.23
0 0.3345 0.6315 0.06675 0.00625
0 0.2275 0.61225 0.133 0.00625
0 0.5035 0.7545 0.007 0.14275
0 0.64125 0.68625 0.28325 0.00625
0 0.53375 0.61875 0.007 0.129
0 0.5185 0.55725 0.0375 0.00625
0 0.5035 0.5305 0.007 0.0605
0 0.64125 0.5035 0.28325 0.00625
0 0.42925 0.333 0.007 0.15525
0 0.15075 0.1885 0.007 0.1085
0 0.207 0.1375 0.11975 0.00625
0 0.2635 0.1885 0.007 0.1085
0 0.15375 0.24925 0.0145 0.013
0 0.47225 0.24925 0.65075 0.013
0 0.794 0.1465 0.007 0.192
0 0.7645 0.0535 0.06675 0.00625
0 0.7345 0.1465 0.007 0.192