0 0.0651340995 0.09595484500000001 0.0651340995 0.1298212605 0.246487867 0.1298212605 0.246487867 0.09595484500000001 0.0651340995 0.09595484500000001
0 0.29757343550000004 0.09595484500000001 0.247126437 0.09595484500000001 0.247126437 0.190028222 0.29757343550000004 0.190028222 0.29757343550000004 0.09595484500000001
0 0.29757343550000004 0.09595484500000001 0.29757343550000004 0.1298212605 0.477650064 0.1298212605 0.477650064 0.09595484500000001 0.29757343550000004 0.09595484500000001
0 0.509578544 0.09595484500000001 0.477650064 0.09595484500000001 0.477650064 0.1834430855 0.509578544 0.1834430855 0.509578544 0.09595484500000001
0 0.8601532565 0.09595484500000001 0.509578544 0.09595484500000001 0.509578544 0.1298212605 0.8601532565 0.1298212605 0.8601532565 0.09595484500000001
0 0.842273308 0.09595484500000001 0.842273308 0.523988711 0.859514687 0.523988711 0.859514687 0.09595484500000001 0.842273308 0.09595484500000001
0 0.4540229885 0.503292568 0.4540229885 0.5249294449999999 0.8601532565 0.5249294449999999 0.8601532565 0.503292568 0.4540229885 0.503292568
0 0.4540229885 0.503292568 0.4540229885 0.883349012 0.4687100895 0.883349012 0.4687100895 0.503292568 0.4540229885 0.503292568
0 0.0651340995 0.859830668 0.0651340995 0.883349012 0.4687100895 0.883349012 0.4687100895 0.859830668 0.0651340995 0.859830668
0 0.0651340995 0.09595484500000001 0.0651340995 0.8824082785 0.0881226055 0.8824082785 0.0881226055 0.09595484500000001 0.0651340995 0.09595484500000001
0 0.5025542785 0.09595484500000001 0.5025542785 0.5249294449999999 0.509578544 0.5249294449999999 0.509578544 0.09595484500000001 0.5025542785 0.09595484500000001
0 0.975734355 0.503292568 0.8601532565 0.503292568 0.8601532565 0.5249294449999999 0.975734355 0.5249294449999999 0.975734355 0.503292568
0 0.975734355 0.1185324555 0.8601532565 0.1185324555 0.8601532565 0.128880527 0.975734355 0.128880527 0.975734355 0.1185324555
0 0.29054917 0.09595484500000001 0.29054917 0.34807149600000004 0.29757343550000004 0.34807149600000004 0.29757343550000004 0.09595484500000001 0.29054917 0.09595484500000001
0 0.29054917 0.3367826905 0.29054917 0.347130762 0.5025542785 0.347130762 0.5025542785 0.3367826905 0.29054917 0.3367826905
0 0.424010217 0.1298212605 0.4169859515 0.1298212605 0.4169859515 0.33772342450000004 0.424010217 0.33772342450000004 0.424010217 0.1298212605
0 0.340357599 0.347130762 0.33269476350000005 0.347130762 0.33269476350000005 0.577610536 0.340357599 0.577610536 0.340357599 0.347130762
0 0.0651340995 0.4515522105 0.0651340995 0.461900282 0.3397190295 0.461900282 0.3397190295 0.4515522105 0.0651340995 0.4515522105