0 0.1795 0.6445 0.177 0.00825
0 0.45525 0.886 0.01175 0.16325
0 0.457 0.7225 0.01525 0.164
0 0.10875 0.09625 0.03375 0.15125
0 0.10625 0.52275 0.032 0.77575
0 0.39875 0.0775 0.032 0.11475
0 0.14325 0.1535 0.10275 0.03725
0 0.2765 0.14775 0.16525 0.0165
0 0.66525 0.15275 0.61375 0.03825
0 0.51425 0.7725 0.12975 0.06375
0 0.51525 0.6445 0.1315 0.00825
0 0.9545 0.473 0.0355 0.679
0 0.833 0.804 0.27825 0.0165
0 0.70825 0.8815 0.03025 0.1715
0 0.4815 0.9595 0.48575 0.0165
0 0.6365 0.80025 0.11475 0.00825
0 0.25125 0.9325 0.02525 0.07025
0 0.177 0.90425 0.17375 0.0145