0 0.44125 0.044 0.79875 0.02825
0 0.10325 0.705 0.123 0.017
0 0.15625 0.77575 0.018 0.1585
0 0.2605 0.847 0.22725 0.016
0 0.827 0.36675 0.027 0.6745
0 0.2035 0.705 0.07625 0.017
0 0.1415 0.41225 0.1995 0.017
0 0.63475 0.41225 0.4115 0.017
0 0.9075 0.41225 0.13375 0.017
0 0.907 0.04975 0.133 0.017
0 0.4335 0.554 0.009 0.30025
0 0.1495 0.51925 0.18325 0.0085
0 0.04975 0.6145 0.01625 0.198
0 0.23675 0.6145 0.01 0.198
0 0.23675 0.464 0.01 0.12
0 0.04975 0.21675 0.01625 0.37425
0 0.06375 0.45975 0.044 0.11175
0 0.59875 0.6955 0.4835 0.017
0 0.36575 0.771 0.017 0.168