0 0.541 0.1685 0.7885 0.0165
0 0.928 0.47025 0.01425 0.62025
0 0.541 0.77175 0.7885 0.01725
0 0.153 0.47025 0.013 0.62025
0 0.383 0.47025 0.00725 0.62025
0 0.24375 0.38275 0.1945 0.00825
0 0.36375 0.3955 0.0455 0.03375
0 0.2665 0.60475 0.24 0.00825
0 0.25775 0.69075 0.0065 0.18
0 0.25025 0.44725 0.0065 0.137
0 0.19975 0.51075 0.10675 0.009
0 0.74325 0.44725 0.38375 0.00825
0 0.7195 0.306 0.0065 0.2915
0 0.823 0.55525 0.2245 0.00825
0 0.7145 0.666 0.0065 0.2295
0 0.58125 0.561 0.0455 0.00825
0 0.60075 0.66875 0.0065 0.22375
0 0.81325 0.50125 0.0065 0.1165