0 0.055244195499999996 0.0707070705 0.055244195499999996 0.1043771045 0.7838270615 0.1043771045 0.7838270615 0.0707070705 0.055244195499999996 0.0707070705
0 0.7598078465 0.0707070705 0.7598078465 0.6116722784999999 0.7838270615 0.6116722784999999 0.7838270615 0.0707070705 0.7598078465 0.0707070705
0 0.7598078465 0.5780022444999999 0.7598078465 0.6116722784999999 0.893514812 0.6116722784999999 0.893514812 0.5780022444999999 0.7598078465 0.5780022444999999
0 0.868694956 0.5768799099999999 0.868694956 0.9180695845 0.8927141715 0.9180695845 0.8927141715 0.5768799099999999 0.868694956 0.5768799099999999
0 0.1521216975 0.891133558 0.1521216975 0.919191919 0.8927141715 0.919191919 0.8927141715 0.891133558 0.1521216975 0.891133558
0 0.151321057 0.7059483725 0.151321057 0.9180695845 0.164131305 0.9180695845 0.164131305 0.7059483725 0.151321057 0.7059483725
0 0.054443555000000005 0.7059483725 0.054443555000000005 0.723905724 0.164131305 0.723905724 0.164131305 0.7059483725 0.054443555000000005 0.7059483725
0 0.055244195499999996 0.0707070705 0.055244195499999996 0.7250280585000001 0.0680544435 0.7250280585000001 0.0680544435 0.0707070705 0.055244195499999996 0.0707070705
0 0.893514812 0.515151515 0.870296237 0.515151515 0.870296237 0.5780022444999999 0.893514812 0.5780022444999999 0.893514812 0.515151515
0 0.893514812 0.0707070705 0.7838270615 0.0707070705 0.7838270615 0.10325477 0.893514812 0.10325477 0.893514812 0.0707070705
0 0.4819855885 0.707070707 0.1649319455 0.707070707 0.1649319455 0.7227833895 0.4819855885 0.7227833895 0.4819855885 0.707070707
0 0.469975981 0.7059483725 0.469975981 0.9180695845 0.481184948 0.9180695845 0.481184948 0.7059483725 0.469975981 0.7059483725
0 0.29063250599999996 0.7059483725 0.279423539 0.7059483725 0.279423539 0.9180695845 0.29063250599999996 0.9180695845 0.29063250599999996 0.7059483725
0 0.4707766215 0.5263748595 0.4707766215 0.7227833895 0.4819855885 0.7227833895 0.4819855885 0.5263748595 0.4707766215 0.5263748595
0 0.7838270615 0.5263748595 0.4819855885 0.5263748595 0.4819855885 0.542087542 0.7838270615 0.542087542 0.7838270615 0.5263748595
0 0.46597277800000003 0.5263748595 0.46597277800000003 0.542087542 0.4819855885 0.542087542 0.4819855885 0.5263748595 0.46597277800000003 0.5263748595
0 0.055244195499999996 0.5263748595 0.055244195499999996 0.542087542 0.35948759 0.542087542 0.35948759 0.5263748595 0.055244195499999996 0.5263748595
0 0.348278623 0.0707070705 0.348278623 0.542087542 0.35948759 0.542087542 0.35948759 0.0707070705 0.348278623 0.0707070705