0 0.62425 0.199 0.6965 0.02275
0 0.964 0.50025 0.017 0.62475
0 0.61575 0.80125 0.7135 0.02275
0 0.1605 0.1965 0.231 0.01775
0 0.0515 0.3105 0.01325 0.245
0 0.1605 0.42775 0.231 0.01075
0 0.3795 0.4515 0.20675 0.01
0 0.479 0.62975 0.0075 0.366
0 0.37625 0.55225 0.0075 0.2115
0 0.32775 0.6535 0.10425 0.01
0 0.4275 0.59925 0.1105 0.01775
0 0.46225 0.32225 0.00575 0.2685
0 0.7595 0.3255 0.00575 0.275
0 0.86425 0.459 0.21625 0.00775
0 0.8185 0.55025 0.00575 0.19025
0 0.803 0.64 0.037 0.01
0 0.78725 0.724 0.00575 0.17725
0 0.894 0.561 0.157 0.00775
0 0.90125 0.51 0.00575 0.10975
0 0.68025 0.67925 0.00575 0.267
0 0.73375 0.7315 0.11275 0.00775
0 0.2675 0.4345 0.017 0.02425
0 0.2675 0.7355 0.017 0.1545
0 0.27 0.55225 0.02225 0.2115
0 0.2675 0.30525 0.017 0.23425