0 0.4915 0.11425 0.8045 0.01975
0 0.88525 0.5235 0.017 0.838
0 0.78925 0.934 0.209 0.017
0 0.56425 0.92975 0.241 0.0085
0 0.2665 0.934 0.3545 0.017
0 0.09725 0.5235 0.01525 0.838
0 0.067 0.114 0.0455 0.01925
0 0.917 0.114 0.0455 0.01925
0 0.067 0.93275 0.0455 0.01925
0 0.917 0.93275 0.0455 0.01925
0 0.438 0.835 0.0115 0.18075
0 0.2665 0.7485 0.3545 0.00725
0 0.3885 0.69825 0.0115 0.10775
0 0.41925 0.648 0.049 0.00725
0 0.438 0.55225 0.0115 0.19875
0 0.2665 0.4565 0.3545 0.00725
0 0.242 0.648 0.3045 0.00725
0 0.247 0.69825 0.01075 0.10775
0 0.5835 0.51925 0.01075 0.8295
0 0.73575 0.31725 0.316 0.00675
0 0.804 0.3835 0.1795 0.00675
0 0.71975 0.35025 0.01075 0.07275
0 0.73575 0.624 0.316 0.00675
0 0.6575 0.81175 0.1375 0.02775
0 0.7505 0.82 0.04825 0.01125
0 0.8345 0.8195 0.11975 0.0085
0 0.71875 0.7965 0.01425 0.05825
0 0.721 0.694 0.00975 0.14675
0 0.65225 0.69775 0.14825 0.008
0 0.691 0.8755 0.0125 0.1
0 0.51025 0.8215 0.15725 0.008