0 0.242 0.4935 0.02525 0.75775
0 0.55225 0.8645 0.64525 0.0155
0 0.86225 0.4935 0.02525 0.75775
0 0.55225 0.12225 0.64525 0.0155
0 0.5535 0.443 0.0085 0.62575
0 0.40625 0.75325 0.3025 0.00525
0 0.6255 0.75325 0.15275 0.00525
0 0.69775 0.67875 0.0085 0.15425
0 0.62975 0.604 0.1445 0.00525
0 0.7715 0.604 0.156 0.00525
0 0.77575 0.704 0.1475 0.00525
0 0.60625 0.80625 0.0085 0.101
0 0.371 0.80625 0.0085 0.101
0 0.7035 0.45925 0.29175 0.00525
0 0.7035 0.31475 0.29175 0.00525
0 0.402 0.26225 0.29425 0.00525