0 0.079330422 0.12044534400000001 0.079330422 0.1437246965 0.842066958 0.1437246965 0.842066958 0.12044534400000001 0.079330422 0.12044534400000001
0 0.825327511 0.12044534400000001 0.825327511 0.483805668 0.842066958 0.483805668 0.842066958 0.12044534400000001 0.825327511 0.12044534400000001
0 0.498544396 0.4615384615 0.498544396 0.483805668 0.842066958 0.483805668 0.842066958 0.4615384615 0.498544396 0.4615384615
0 0.498544396 0.4615384615 0.498544396 0.9008097165000001 0.5145560410000001 0.9008097165000001 0.5145560410000001 0.4615384615 0.498544396 0.4615384615
0 0.079330422 0.8785425099999999 0.079330422 0.9008097165000001 0.5145560410000001 0.9008097165000001 0.5145560410000001 0.8785425099999999 0.079330422 0.8785425099999999
0 0.079330422 0.12044534400000001 0.079330422 0.9008097165000001 0.095342067 0.9008097165000001 0.095342067 0.12044534400000001 0.079330422 0.12044534400000001
0 0.498544396 0.4615384615 0.461426492 0.4615384615 0.461426492 0.4736842105 0.498544396 0.4736842105 0.498544396 0.4615384615
0 0.3726346435 0.6396761135000001 0.364628821 0.6396761135000001 0.364628821 0.9008097165000001 0.3726346435 0.9008097165000001 0.3726346435 0.6396761135000001
0 0.079330422 0.6396761135000001 0.079330422 0.6508097165000001 0.3726346435 0.6508097165000001 0.3726346435 0.6396761135000001 0.079330422 0.6396761135000001
0 0.3711790395 0.39676113350000003 0.079330422 0.39676113350000003 0.079330422 0.407894737 0.3711790395 0.407894737 0.3711790395 0.39676113350000003
0 0.36317321700000005 0.12044534400000001 0.36317321700000005 0.407894737 0.3711790395 0.407894737 0.3711790395 0.12044534400000001 0.36317321700000005 0.12044534400000001
0 0.4679767105 0.30566801600000004 0.36317321700000005 0.30566801600000004 0.36317321700000005 0.3168016195 0.4679767105 0.3168016195 0.4679767105 0.30566801600000004
0 0.459243086 0.12044534400000001 0.459243086 0.3157894735 0.4672489085 0.3157894735 0.4672489085 0.12044534400000001 0.459243086 0.12044534400000001
0 0.8413391554999999 0.12044534400000001 0.8413391554999999 0.141700405 0.9097525475 0.141700405 0.9097525475 0.12044534400000001 0.8413391554999999 0.12044534400000001
0 0.8413391554999999 0.4625506075 0.8413391554999999 0.483805668 0.9097525475 0.483805668 0.9097525475 0.4625506075 0.8413391554999999 0.4625506075