0 0.8 0.9535 0.349 0.04525
0 0.96075 0.5045 0.02725 0.94325
0 0.2065 0.41325 0.02925 0.761
0 0.42075 0.77 0.4575 0.0465
0 0.63725 0.86175 0.0245 0.22875
0 0.11875 0.04025 0.20475 0.01475
0 0.643 0.59625 0.01325 0.30125
0 0.80575 0.4535 0.33775 0.01575
0 0.4735 0.4865 0.06875 0.0135
0 0.50275 0.61325 0.0105 0.26725
0 0.71925 0.24625 0.165 0.0205
0 0.79675 0.34875 0.0105 0.22525
0 0.79425 0.1445 0.015 0.22425
0 0.42275 0.043 0.46125 0.0205
0 0.88075 0.043 0.18775 0.0205
0 0.71175 0.0515 0.15 0.03725
0 0.64375 0.2815 0.01425 0.0905
0 0.64525 0.1445 0.017 0.22425
0 0.61925 0.96025 0.01125 0.03175