0 0.04125 0.485 0.01725 0.93
0 0.45025 0.03425 0.83525 0.02825
0 0.86075 0.163 0.01425 0.286
0 0.72275 0.29775 0.2895 0.01575
0 0.5845 0.55275 0.013 0.5255
0 0.48425 0.80675 0.2135 0.0165
0 0.384 0.87425 0.013 0.1515
0 0.21175 0.94175 0.358 0.0165
0 0.36025 0.91 0.0345 0.04725
0 0.38425 0.73775 0.0135 0.12175
0 0.22075 0.6855 0.34125 0.01725
0 0.478 0.5445 0.00875 0.509
0 0.526 0.2985 0.10425 0.01725
0 0.5465 0.16925 0.00675 0.242
0 0.53025 0.472 0.09575 0.00875
0 0.53025 0.69325 0.09575 0.00875
0 0.34975 0.603 0.00675 0.14775
0 0.36875 0.533 0.045 0.00875
0 0.15125 0.34725 0.203 0.01425
0 0.24875 0.201 0.008 0.30625
0 0.322 0.33975 0.13825 0.029
0 0.2715 0.30075 0.03775 0.04875
0 0.917 0.29075 0.09825 0.02975
0 0.917 0.04475 0.09825 0.01725