0 0.46975 0.09625 0.795 0.01875
0 0.85975 0.50225 0.014 0.83025
0 0.47025 0.9085 0.794 0.018
0 0.0805 0.71025 0.014 0.41425
0 0.085 0.4465 0.023 0.1135
0 0.08 0.2385 0.015 0.3025
0 0.1875 0.3945 0.22825 0.00975
0 0.2935 0.4465 0.015 0.1135
0 0.25325 0.49875 0.0955 0.009
0 0.13975 0.4955 0.13275 0.01475
0 0.36325 0.3935 0.15475 0.00775
0 0.43475 0.4465 0.012 0.1135
0 0.36325 0.49925 0.15475 0.00775
0 0.296 0.57975 0.013 0.169
0 0.188 0.66 0.22925 0.0085
0 0.36575 0.66 0.15275 0.0085
0 0.43575 0.7865 0.013 0.262
0 0.604 0.7875 0.013 0.26
0 0.73225 0.66125 0.26925 0.0085
0 0.5195 0.81475 0.181 0.00775
0 0.66575 0.58675 0.015 0.158
0 0.76275 0.512 0.209 0.0085
0 0.603 0.3355 0.014 0.1425
0 0.17175 0.64075 0.012 0.047