0 0.288 0.36175 0.02925 0.244
0 0.16525 0.47875 0.2745 0.01075
0 0.03575 0.53625 0.015 0.12575
0 0.16575 0.59375 0.275 0.01075
0 0.28825 0.71825 0.03 0.26025
0 0.61975 0.83775 0.69275 0.02125
0 0.955 0.545 0.022 0.607
0 0.61975 0.25 0.69275 0.02025
0 0.29175 0.53625 0.022 0.12575
0 0.5295 0.54425 0.01275 0.608
0 0.66275 0.70325 0.0115 0.29
0 0.8115 0.6865 0.3085 0.0065
0 0.8115 0.594 0.3085 0.0065
0 0.80825 0.6405 0.00925 0.0995
0 0.4045 0.685 0.263 0.0065
0 0.4045 0.5945 0.263 0.0065
0 0.354 0.4265 0.161 0.0065
0 0.42975 0.46 0.00925 0.0735
0 0.408 0.513 0.0535 0.038
0 0.33275 0.529 0.10475 0.0065
0 0.38 0.5615 0.00925 0.0725
0 0.48075 0.459 0.1105 0.0065
0 0.68275 0.431 0.055 0.0065
0 0.66 0.46425 0.00925 0.073
0 0.68275 0.49775 0.055 0.0065