0 0.348 0.23025 0.6275 0.018
0 0.64925 0.51025 0.02525 0.57875
0 0.34725 0.7895 0.62875 0.0205
0 0.043 0.51025 0.02025 0.57875
0 0.43475 0.51025 0.0105 0.57875
0 0.477 0.4295 0.09525 0.00775
0 0.52 0.415 0.009 0.0365
0 0.5885 0.4 0.14625 0.00675
0 0.52 0.4455 0.009 0.03975
0 0.54125 0.482 0.05175 0.03825
0 0.6125 0.49775 0.09875 0.00675
0 0.56625 0.528 0.009 0.0675
0 0.61175 0.55875 0.10025 0.00675
0 0.5 0.55875 0.1415 0.00675
0 0.5455 0.644 0.2325 0.00675
0 0.31225 0.661 0.009 0.27725
0 0.175 0.556 0.2835 0.00675
0 0.175 0.64375 0.2835 0.00675
0 0.17725 0.6 0.00975 0.09475
0 0.762 0.44525 0.25075 0.00925
0 0.881 0.50025 0.0125 0.119
0 0.762 0.555 0.25075 0.00925
0 0.28925 0.46475 0.051 0.00525
0 0.31125 0.43275 0.007 0.069
0 0.2895 0.4005 0.0505 0.00525