0 0.039662447499999996 0.9138795985 0.039662447499999996 0.9640468225 0.057383966 0.9640468225 0.057383966 0.9138795985 0.039662447499999996 0.9138795985
0 0.077637131 0.5409698995 0.039662447499999996 0.5409698995 0.039662447499999996 0.5585284279999999 0.077637131 0.5585284279999999 0.077637131 0.5409698995
0 0.0388185655 0.5576923075 0.0388185655 0.9130434785 0.07679324900000001 0.9130434785 0.07679324900000001 0.5576923075 0.0388185655 0.5576923075
0 0.14008438799999998 0.4515050165 0.039662447499999996 0.5409698995 0.064978903 0.5693979935 0.1662447255 0.4799331105 0.14008438799999998 0.4515050165
0 0.14092827 0.4515050165 0.130801688 0.4598662205 0.1561181435 0.4882943145 0.1662447255 0.4799331105 0.14092827 0.4515050165
0 0.1628691985 0.4598662205 0.14852320700000002 0.4598662205 0.14852320700000002 0.4966555185 0.1628691985 0.4966555185 0.1628691985 0.4598662205
0 0.1805907175 0.45652173900000004 0.15358649800000002 0.4615384615 0.16033755249999998 0.4966555185 0.187341772 0.491638796 0.1805907175 0.45652173900000004
0 0.200843882 0.44816053499999997 0.1746835445 0.45819398 0.187341772 0.493311037 0.2143459915 0.4841137125 0.200843882 0.44816053499999997
0 0.211814346 0.4431438125 0.1915611815 0.4531772575 0.2092827005 0.4882943145 0.229535865 0.4782608695 0.211814346 0.4431438125
0 0.2278481015 0.435618729 0.21012658250000002 0.445652174 0.229535865 0.4782608695 0.247257384 0.4682274245 0.2278481015 0.435618729
0 0.2438818565 0.4255852845 0.2261603375 0.43729097 0.246413502 0.4673913045 0.26413502099999997 0.4556856185 0.2438818565 0.4255852845
0 0.259915612 0.410535117 0.23966244750000001 0.428929766 0.264978903 0.4556856185 0.2852320675 0.43729097 0.259915612 0.410535117
0 0.276793249 0.3904682275 0.2565400845 0.414715719 0.2852320675 0.4381270905 0.305485232 0.4138795985 0.276793249 0.3904682275
0 0.2911392405 0.362876254 0.2725738395 0.39464882949999996 0.305485232 0.4138795985 0.32405063300000003 0.38210702350000003 0.2911392405 0.362876254
0 0.300421941 0.32859531750000004 0.287763713 0.371237458 0.323206751 0.381270903 0.335864979 0.3386287625 0.300421941 0.32859531750000004
0 0.301265823 0.2951505015 0.299578059 0.337792642 0.335864979 0.339464883 0.3375527425 0.2968227425 0.301265823 0.2951505015
0 0.3324894515 0.262541806 0.29535865 0.26839464900000004 0.301265823 0.3026755855 0.33839662449999997 0.2968227425 0.3324894515 0.262541806
0 0.322362869 0.2324414715 0.286919831 0.2424749165 0.29620253150000003 0.27257525099999996 0.3316455695 0.262541806 0.322362869 0.2324414715
0 0.312236287 0.212374582 0.27932489450000003 0.22909699 0.29029535850000004 0.24916387950000002 0.323206751 0.2324414715 0.312236287 0.212374582
0 0.293670886 0.18227424750000001 0.2607594935 0.20317725749999999 0.2784810125 0.2324414715 0.312236287 0.212374582 0.293670886 0.18227424750000001
0 0.259915612 0 0.259915612 0.202341137 0.29620253150000003 0.202341137 0.29620253150000003 0 0.259915612 0
0 0.259915612 0 0.259915612 0.045150501499999995 0.3721518985 0.045150501499999995 0.3721518985 0 0.259915612 0
0 0.37299578050000004 0 0.37299578050000004 0.037625418 0.4202531645 0.037625418 0.4202531645 0 0.37299578050000004 0
0 0.4202531645 0 0.4202531645 0.097826087 0.475949367 0.097826087 0.475949367 0 0.4202531645 0
0 0.475949367 0 0.475949367 0.037625418 0.6320675105 0.037625418 0.6320675105 0 0.475949367 0
0 0.6312236285 0 0.6312236285 0.045150501499999995 0.6962025315 0.045150501499999995 0.6962025315 0 0.6312236285 0
0 0.6970464135 0 0.6970464135 0.036789297500000005 0.871729958 0.036789297500000005 0.871729958 0 0.6970464135 0
0 0.870886076 0 0.870886076 0.045150501499999995 0.9223628690000001 0.045150501499999995 0.9223628690000001 0 0.870886076 0
0 0.923206751 0 0.923206751 0.035117057 0.9611814345 0.035117057 0.9611814345 0 0.923206751 0
0 0.923206751 0 0.923206751 0.6438127090000001 0.9611814345 0.6438127090000001 0.9611814345 0 0.923206751 0
0 0.9535864980000001 0.622909699 0.923206751 0.6429765885000001 0.9670886074999999 0.7090301005 0.9983122365 0.6881270905 0.9535864980000001 0.622909699
0 0.9603375525 0.6889632105 0.9603375525 0.7909698995 0.9974683545 0.7909698995 0.9974683545 0.6889632105 0.9603375525 0.6889632105
0 0.9670886074999999 0.7709030099999999 0.924894515 0.835284281 0.9552742614999999 0.8545150499999999 0.9983122365 0.7909698995 0.9670886074999999 0.7709030099999999
0 0.9240506329999999 0.835284281 0.9240506329999999 0.9214046825000001 0.9594936709999999 0.9214046825000001 0.9594936709999999 0.835284281 0.9240506329999999 0.835284281
0 0.5729957805 0.8862876255 0.5729957805 0.9214046825000001 0.9603375525 0.9214046825000001 0.9603375525 0.8862876255 0.5729957805 0.8862876255
0 0.5729957805 0.8862876255 0.535021097 0.8862876255 0.535021097 0.9423076925 0.5729957805 0.9423076925 0.5729957805 0.8862876255
0 0.11561181449999999 0.9038461539999999 0.11561181449999999 0.9414715720000001 0.535021097 0.9414715720000001 0.535021097 0.9038461539999999 0.11561181449999999 0.9038461539999999
0 0.039662447499999996 0.956521739 0.039662447499999996 0.9640468225 0.093670886 0.9640468225 0.093670886 0.956521739 0.039662447499999996 0.956521739
0 0.1392405065 0.928929766 0.0784810125 0.956521739 0.0843881855 0.969063545 0.1443037975 0.9423076925 0.1392405065 0.928929766
0 0.081012658 0.9456521739999999 0.0734177215 0.956521739 0.08270042200000001 0.962374582 0.0902953585 0.9515050165 0.081012658 0.9456521739999999
0 0.093670886 0.9314381270000001 0.07932489449999999 0.948160535 0.087763713 0.9556856185 0.10210970450000001 0.9381270905 0.093670886 0.9314381270000001
0 0.10126582299999999 0.9180602004999999 0.0860759495 0.948160535 0.092827004 0.9515050165 0.10801687750000001 0.9214046825000001 0.10126582299999999 0.9180602004999999
0 0.11561181449999999 0.9172240805 0.08270042200000001 0.9314381270000001 0.0911392405 0.9506688965 0.12405063300000001 0.9364548495 0.11561181449999999 0.9172240805
0 0.342616034 0.849498328 0.33417721499999997 0.849498328 0.33417721499999997 0.904682274 0.342616034 0.904682274 0.342616034 0.849498328
0 0.33417721499999997 0.849498328 0.33417721499999997 0.8595317725 0.3780590715 0.8595317725 0.3780590715 0.849498328 0.33417721499999997 0.849498328
0 0.36793248949999996 0.7801003345 0.36793248949999996 0.8595317725 0.3780590715 0.8595317725 0.3780590715 0.7801003345 0.36793248949999996 0.7801003345
0 0.34092827 0.5317725755 0.34092827 0.7801003345 0.3780590715 0.7801003345 0.3780590715 0.5317725755 0.34092827 0.5317725755
0 0.37721519000000003 0.7709030099999999 0.07679324900000001 0.7717391305 0.077637131 0.780936455 0.3780590715 0.7801003345 0.37721519000000003 0.7709030099999999
0 0.10126582299999999 0.7182274245 0.077637131 0.7182274245 0.077637131 0.726588629 0.10126582299999999 0.726588629 0.10126582299999999 0.7182274245
0 0.10126582299999999 0.7182274245 0.092827004 0.7240802675 0.14092827 0.7784280935000001 0.14852320700000002 0.7717391305 0.10126582299999999 0.7182274245
0 0.4337552745 0.522575251 0.359493671 0.523411371 0.359493671 0.5317725755 0.4337552745 0.5301003345 0.4337552745 0.522575251
0 0.26666666650000004 0.4473244145 0.2556962025 0.462374582 0.353586498 0.5392976589999999 0.365400844 0.525083612 0.26666666650000004 0.4473244145
0 0.2075949365 0.48327759200000003 0.2 0.4866220735 0.217721519 0.516722408 0.224472574 0.512541806 0.2075949365 0.48327759200000003
0 0.289451477 0.4824414715 0.2143459915 0.5075250835 0.217721519 0.5158862875 0.292827004 0.4908026755 0.289451477 0.4824414715
0 0.400843882 0.310200669 0.3375527425 0.310200669 0.3375527425 0.318561873 0.400843882 0.318561873 0.400843882 0.310200669
0 0.3924050635 0.21488294300000002 0.3924050635 0.318561873 0.400843882 0.318561873 0.400843882 0.21488294300000002 0.3924050635 0.21488294300000002
0 0.475949367 0.21404682249999998 0.313080169 0.21404682249999998 0.313080169 0.22408026749999999 0.475949367 0.22408026749999999 0.475949367 0.21404682249999998
0 0.4565400845 0 0.4565400845 0.260033445 0.475949367 0.260033445 0.475949367 0 0.4565400845 0
0 0.4607594935 0.24749163899999999 0.45569620250000004 0.254180602 0.5485232069999999 0.3302675585 0.5544303795 0.3244147155 0.4607594935 0.24749163899999999
0 0.6312236285 0 0.6312236285 0.2533444815 0.6396624475 0.2533444815 0.6396624475 0 0.6312236285 0
0 0.646413502 0.254180602 0.6320675105 0.254180602 0.6320675105 0.3093645485 0.646413502 0.3093645485 0.646413502 0.254180602
0 0.923206751 0.30769230750000004 0.535864979 0.30769230750000004 0.535864979 0.32775919750000004 0.923206751 0.32775919750000004 0.923206751 0.30769230750000004
0 0.535864979 0.3202341135 0.535864979 0.41722408050000004 0.5544303795 0.41722408050000004 0.5544303795 0.3202341135 0.535864979 0.3202341135
0 0.535864979 0.5443143815 0.534177215 0.9423076925 0.553586498 0.9423076925 0.5544303795 0.5451505015 0.535864979 0.5443143815
0 0.553586498 0.58361204 0.553586498 0.593645485 0.9223628690000001 0.593645485 0.9223628690000001 0.58361204 0.553586498 0.58361204
0 0.039662447499999996 0.904682274 0.039662447499999996 0.9138795985 0.116455696 0.9138795985 0.116455696 0.904682274 0.039662447499999996 0.904682274