0 0.80175 0.8875 0.01425 0.14475
0 0.46775 0.825 0.68225 0.01975
0 0.1385 0.444 0.02375 0.78175
0 0.55025 0.0735 0.8465 0.04075
0 0.9615 0.5065 0.02375 0.90675
0 0.88375 0.949 0.17925 0.02175
0 0.891 0.821 0.165 0.012
0 0.706 0.6235 0.00725 0.4225
0 0.553 0.41725 0.31275 0.01
0 0.40025 0.2375 0.00725 0.369
0 0.40025 0.5125 0.00725 0.1795
0 0.4965 0.59725 0.1995 0.01
0 0.5925 0.5075 0.00725 0.1895
0 0.5205 0.5075 0.00725 0.1895
0 0.838 0.51875 0.27125 0.013
0 0.40125 0.78575 0.00925 0.0575
0 0.59 0.79575 0.01225 0.03875
0 0.67025 0.20375 0.00425 0.3015
0 0.689 0.34725 0.0415 0.015
0 0.081 0.063 0.091 0.01975
0 0.04275 0.0755 0.01425 0.04575
0 0.039 0.46625 0.00725 0.736
0 0.081 0.8225 0.091 0.02475
0 0.1445 0.47575 0.03575 0.01875
0 0.4605 0.437 0.11325 0.02875