0 0.682497013 0.5154440155 0.682497013 0.505019305 0.36618876949999996 0.505019305 0.36618876949999996 0.5154440155 0.682497013 0.5154440155
0 0.682497013 0.7474903475 0.682497013 0.505019305 0.674432497 0.505019305 0.674432497 0.7474903475 0.682497013 0.7474903475
0 0.682497013 0.7474903475 0.682497013 0.737065637 0.36618876949999996 0.737065637 0.36618876949999996 0.7474903475 0.682497013 0.7474903475
0 0.3742532855 0.7474903475 0.3742532855 0.505019305 0.36618876949999996 0.505019305 0.36618876949999996 0.7474903475 0.3742532855 0.7474903475
0 0.5899044205 0.611969112 0.5967741935 0.611969112 0.5967741935 0.5154440155 0.5899044205 0.5154440155 0.5899044205 0.611969112
0 0.5967741935 0.611969112 0.5967741935 0.603861004 0.5212066905 0.603861004 0.5212066905 0.611969112 0.5967741935 0.611969112
0 0.527479092 0.611969112 0.527479092 0.5154440155 0.5212066905 0.5154440155 0.5212066905 0.611969112 0.527479092 0.611969112
0 0.5899044205 0.5745173745 0.674432497 0.5745173745 0.674432497 0.5664092664999999 0.5899044205 0.5664092664999999 0.5899044205 0.5745173745
0 0.485961768 0.611969112 0.4922341695 0.611969112 0.4922341695 0.559073359 0.485961768 0.559073359 0.485961768 0.611969112
0 0.5516726405000001 0.7474903475 0.557945042 0.7474903475 0.557945042 0.611969112 0.5516726405000001 0.611969112 0.5516726405000001 0.7474903475
0 0.45430107550000004 0.662934363 0.5516726405000001 0.662934363 0.5516726405000001 0.6548262549999999 0.45430107550000004 0.6548262549999999 0.45430107550000004 0.662934363
0 0.4605734765 0.662934363 0.4605734765 0.5154440155 0.45430107550000004 0.5154440155 0.45430107550000004 0.662934363 0.4605734765 0.662934363
0 0.36618876949999996 0.6204633205 0.4605734765 0.6204633205 0.4605734765 0.6123552125 0.36618876949999996 0.6123552125 0.36618876949999996 0.6204633205
0 0.207586619 0.39768339750000004 0.207586619 0.15289575300000002 0.19982078849999999 0.15289575300000002 0.19982078849999999 0.39768339750000004 0.207586619 0.39768339750000004
0 0.516726404 0.39768339750000004 0.516726404 0.15289575300000002 0.5089605735 0.15289575300000002 0.5089605735 0.39768339750000004 0.516726404 0.39768339750000004
0 0.516726404 0.162934363 0.516726404 0.15289575300000002 0.19982078849999999 0.15289575300000002 0.19982078849999999 0.162934363 0.516726404 0.162934363
0 0.34826762250000004 0.39768339750000004 0.34826762250000004 0.38764478750000003 0.19982078849999999 0.38764478750000003 0.19982078849999999 0.39768339750000004 0.34826762250000004 0.39768339750000004
0 0.516427718 0.39768339750000004 0.516427718 0.38764478750000003 0.4399641575 0.38764478750000003 0.4399641575 0.39768339750000004 0.516427718 0.39768339750000004
0 0.34378733549999996 0.39768339750000004 0.44474313 0.39768339750000004 0.44474313 0.38764478750000003 0.34378733549999996 0.38764478750000003 0.34378733549999996 0.39768339750000004
0 0.3479689365 0.47258687250000003 0.3479689365 0.38764478750000003 0.34348865 0.38764478750000003 0.34348865 0.47258687250000003 0.3479689365 0.47258687250000003
0 0.44474313 0.47258687250000003 0.44474313 0.466795367 0.34378733549999996 0.466795367 0.34378733549999996 0.47258687250000003 0.44474313 0.47258687250000003
0 0.4444444445 0.47258687250000003 0.4444444445 0.38764478750000003 0.4399641575 0.38764478750000003 0.4399641575 0.47258687250000003 0.4444444445 0.47258687250000003
0 0.3811230585 0.39768339750000004 0.384707288 0.39768339750000004 0.384707288 0.15289575300000002 0.3811230585 0.15289575300000002 0.3811230585 0.39768339750000004
0 0.516427718 0.3467181465 0.516427718 0.342084942 0.380824373 0.342084942 0.380824373 0.3467181465 0.516427718 0.3467181465
0 0.3506571085 0.244015444 0.35364396649999996 0.244015444 0.35364396649999996 0.162934363 0.3506571085 0.162934363 0.3506571085 0.244015444
0 0.384707288 0.244015444 0.384707288 0.24015444 0.3506571085 0.24015444 0.3506571085 0.244015444 0.384707288 0.244015444
0 0.29032258050000004 0.2563706565 0.29032258050000004 0.162934363 0.2861409795 0.162934363 0.2861409795 0.2563706565 0.29032258050000004 0.2563706565
0 0.321385902 0.2563706565 0.321385902 0.2513513515 0.2861409795 0.2513513515 0.2861409795 0.2563706565 0.321385902 0.2563706565
0 0.318399044 0.2563706565 0.321385902 0.2563706565 0.321385902 0.191891892 0.318399044 0.191891892 0.318399044 0.2563706565
0 0.321087216 0.3386100385 0.321087216 0.250965251 0.31720430099999997 0.250965251 0.31720430099999997 0.3386100385 0.321087216 0.3386100385
0 0.321385902 0.33899613900000003 0.321385902 0.333976834 0.3070489845 0.333976834 0.3070489845 0.33899613900000003 0.321385902 0.33899613900000003
0 0.3097371565 0.39768339750000004 0.3097371565 0.333976834 0.30675029849999996 0.333976834 0.30675029849999996 0.39768339750000004 0.3097371565 0.39768339750000004
0 0.207586619 0.294980695 0.321385902 0.294980695 0.321385902 0.28996139 0.207586619 0.28996139 0.207586619 0.294980695
0 0.5349462365000001 0.4003861005 0.5349462365000001 0.15752895749999998 0.5310633215 0.15752895749999998 0.5310633215 0.4003861005 0.5349462365000001 0.4003861005
0 0.8479689365 0.167953668 0.8479689365 0.15752895749999998 0.5310633215 0.15752895749999998 0.5310633215 0.167953668 0.8479689365 0.167953668
0 0.8479689365 0.4003861005 0.8479689365 0.15752895749999998 0.8434886500000001 0.15752895749999998 0.8434886500000001 0.4003861005 0.8479689365 0.4003861005
0 0.8479689365 0.4003861005 0.8479689365 0.3915057915 0.5310633215 0.3915057915 0.5310633215 0.4003861005 0.8479689365 0.4003861005
0 0.610215054 0.4003861005 0.6146953405000001 0.4003861005 0.6146953405000001 0.167953668 0.610215054 0.167953668 0.610215054 0.4003861005
0 0.762246117 0.3915057915 0.7661290325 0.3915057915 0.7661290325 0.21081081100000001 0.762246117 0.21081081100000001 0.762246117 0.3915057915
0 0.6768219835 0.2652509655 0.6804062125 0.2652509655 0.6804062125 0.167953668 0.6768219835 0.167953668 0.6768219835 0.2652509655
0 0.7422341695 0.264864865 0.7422341695 0.26023166 0.6765232975000001 0.26023166 0.6765232975000001 0.264864865 0.7422341695 0.264864865
0 0.7425328555 0.2652509655 0.7425328555 0.232046332 0.738948626 0.232046332 0.738948626 0.2652509655 0.7425328555 0.2652509655
0 0.7661290325 0.2362934365 0.7661290325 0.232046332 0.738948626 0.232046332 0.738948626 0.2362934365 0.7661290325 0.2362934365
0 0.7123655915 0.2652509655 0.715352449 0.2652509655 0.715352449 0.15752895749999998 0.7123655915 0.15752895749999998 0.7123655915 0.2652509655
0 0.7120669055 0.301158301 0.7150537634999999 0.301158301 0.7150537634999999 0.264864865 0.7120669055 0.264864865 0.7120669055 0.301158301
0 0.715352449 0.3015444015 0.715352449 0.2976833975 0.610215054 0.2976833975 0.610215054 0.3015444015 0.715352449 0.3015444015
0 0.681600956 0.4003861005 0.685483871 0.4003861005 0.685483871 0.2976833975 0.681600956 0.2976833975 0.681600956 0.4003861005