0 0.055 0.59775 0.0345 0.38625
0 0.205 0.41975 0.3345 0.03025
0 0.35475 0.31925 0.0345 0.2325
0 0.662 0.21825 0.648 0.03125
0 0.958 0.6745 0.02075 0.2335
0 0.96 0.49425 0.01675 0.12625
0 0.96875 0.31725 0.0345 0.22875
0 0.9315 0.76225 0.07375 0.05775
0 0.85925 0.78125 0.07125 0.02
0 0.43075 0.78125 0.78675 0.02
0 0.364 0.59775 0.016 0.38625
0 0.81075 0.5645 0.31525 0.01425
0 0.48625 0.5645 0.12425 0.01425
0 0.39025 0.5925 0.06825 0.06925
0 0.658 0.49725 0.0095 0.58825
0 0.04575 0.322 0.016 0.22675
0 0.83075 0.6745 0.012 0.2335