0 0.0365 0.4185 0.011 0.79375
0 0.24275 0.8095 0.42325 0.013
0 0.4485 0.88425 0.011 0.1635
0 0.516 0.9595 0.14625 0.013
0 0.58375 0.86125 0.011 0.20975
0 0.74025 0.76275 0.3245 0.013
0 0.897 0.70225 0.011 0.134
0 0.91475 0.64175 0.04675 0.013
0 0.93275 0.335 0.011 0.62675
0 0.48475 0.02825 0.90725 0.013
0 0.4485 0.77925 0.011 0.04625
0 0.5105 0.76275 0.13525 0.013
0 0.40275 0.62825 0.011 0.349
0 0.427 0.41425 0.05925 0.10525
0 0.45575 0.20025 0.011 0.33075
0 0.22525 0.4605 0.36625 0.013
0 0.59175 0.36825 0.283 0.013
0 0.72775 0.205 0.011 0.34025
0 0.682 0.534 0.27275 0.03125
0 0.81275 0.6375 0.011 0.2385
0 0.72 0.5905 0.011 0.08175
0 0.55675 0.5905 0.011 0.08175
0 0.855 0.64175 0.073 0.013
0 0.55675 0.4465 0.011 0.1435
0 0.72 0.4465 0.011 0.1435
0 0.6385 0.62875 0.174 0.00525