0 0.43475 0.07125 0.75675 0.016
0 0.80025 0.16925 0.026 0.212
0 0.8515 0.2675 0.12875 0.016
0 0.903 0.347 0.026 0.17525
0 0.9265 0.443 0.07275 0.0315
0 0.94975 0.5165 0.026 0.13
0 0.92675 0.596 0.072 0.04
0 0.90375 0.80325 0.026 0.38675
0 0.6755 0.9885 0.4825 0.016
0 0.44725 0.89375 0.026 0.20525
0 0.47075 0.799 0.07275 0.016
0 0.49325 0.73575 0.02675 0.1425
0 0.28175 0.67275 0.45075 0.016
0 0.07025 0.372 0.0285 0.617
0 0.359 0.372 0.0135 0.617
0 0.2045 0.36725 0.296 0.00625
0 0.211 0.52025 0.30925 0.0025
0 0.712 0.669 0.40975 0.00875
0 0.456 0.60375 0.20725 0.00575
0 0.55525 0.61125 0.00925 0.1245
0 0.56475 0.4065 0.23925 0.00575
0 0.44975 0.44875 0.00925 0.09025
0 0.50125 0.491 0.112 0.00575
0 0.55275 0.44875 0.00925 0.09025
0 0.56975 0.27275 0.43475 0.00575
0 0.5205 0.16925 0.016 0.212
0 0.6605 0.25875 0.0685 0.02175
0 0.211 0.18375 0.30925 0.00575
0 0.19725 0.125 0.00925 0.1235
0 0.712 0.802 0.40975 0.01025