0 0.971 0.455 0.01025 0.7655
0 0.84125 0.08425 0.26975 0.024
0 0.18875 0.078 0.27725 0.024
0 0.32525 0.07475 0.0045 0.03025
0 0.03875 0.2235 0.03875 0.31525
0 0.0845 0.37675 0.13025 0.0085
0 0.14675 0.5355 0.00575 0.326
0 0.2355 0.68825 0.18325 0.0205
0 0.32225 0.67375 0.00975 0.049
0 0.706 0.722 0.00825 0.1455
0 0.7705 0.78575 0.137 0.01775
0 0.83475 0.80725 0.00825 0.06125
0 0.9035 0.828 0.1455 0.01975
0 0.3925 0.659 0.14975 0.01975
0 0.46575 0.70425 0.003 0.11025
0 0.48875 0.756 0.04875 0.00675
0 0.48725 0.659 0.046 0.01975
0 0.61025 0.659 0.2 0.01975
0 0.51175 0.70425 0.00275 0.11025
0 0.14625 0.354 0.00725 0.0375
0 0.14825 0.2005 0.00275 0.26975
0 0.20375 0.3775 0.10825 0.00975
0 0.2535 0.5355 0.00875 0.326
0 0.32225 0.50575 0.00925 0.2865
0 0.2895 0.37325 0.07475 0.022
0 0.2345 0.224 0.0025 0.3165
0 0.251 0.27875 0.03525 0.00575
0 0.30075 0.2775 0.03 0.00575
0 0.3145 0.17325 0.0025 0.21475
0 0.34 0.16975 0.002 0.22
0 0.3675 0.27725 0.0575 0.005
0 0.52375 0.0715 0.3655 0.024
0 0.332 0.0715 0.01825 0.024
0 0.327 0.19225 0.02775 0.005
0 0.70625 0.501 0.008 0.296
0 0.7705 0.6115 0.1365 0.01825
0 0.83475 0.68975 0.00775 0.175
0 0.83925 0.6115 0.01675 0.01825
0 0.84625 0.48525 0.00275 0.2705
0 0.84175 0.3535 0.012 0.00675
0 0.837 0.3655 0.00275 0.03125
0 0.8315 0.378 0.014 0.00675
0 0.826 0.388 0.00275 0.02625
0 0.836 0.39775 0.023 0.00675
0 0.32175 0.35875 0.01 0.00725
0 0.32925 0.36975 0.005 0.02275
0 0.3735 0.375 0.08375 0.00525
0 0.429 0.37425 0.02675 0.01775
0 0.471 0.375 0.05775 0.00525
0 0.514 0.37625 0.02775 0.0175
0 0.557 0.375 0.059 0.00525
0 0.60175 0.376 0.03025 0.017
0 0.6505 0.375 0.0675 0.00525
0 0.69725 0.37775 0.026 0.0175
0 0.34925 0.4285 0.00225 0.1125
0 0.334 0.48225 0.033 0.00525
0 0.334 0.43325 0.033 0.00525
0 0.38225 0.5205 0.00225 0.2965
0 0.513 0.518 0.00225 0.30125
0 0.6065 0.518 0.00225 0.30125
0 0.60725 0.174 0.00225 0.229
0 0.65025 0.17425 0.00275 0.2295
0 0.67975 0.286 0.06175 0.00625
0 0.707 0.1805 0.00725 0.217
0 0.73475 0.3565 0.065 0.00625
0 0.76575 0.36975 0.00275 0.033
0 0.71875 0.39475 0.03325 0.00625
0 0.734 0.37575 0.00275 0.04475
0 0.7215 0.37375 0.02275 0.00625
0 0.74825 0.5245 0.00275 0.192
0 0.726 0.46375 0.0475 0.00625
0 0.726 0.53025 0.0475 0.00625
0 0.72775 0.5405 0.002 0.15975
0 0.839 0.58275 0.01175 0.03875
0 0.73825 0.5955 0.02275 0.0135
0 0.84575 0.752 0.00275 0.13225
0 0.843 0.68925 0.00875 0.00675
0 0.688 0.61625 0.00225 0.0655
0 0.6945 0.5865 0.0155 0.00525