0 0.56084172 0.6569080635 0.56084172 0.6445814074999999 0.3662702045 0.6445814074999999 0.3662702045 0.6569080635 0.56084172 0.6569080635
0 0.37358950900000004 0.6569080635 0.37358950900000004 0.2516692345 0.3662702045 0.2516692345 0.3662702045 0.6569080635 0.37358950900000004 0.6569080635
0 0.835010674 0.265536723 0.835010674 0.2516692345 0.3665751755 0.2516692345 0.3665751755 0.265536723 0.835010674 0.265536723
0 0.835010674 0.5259373395 0.835010674 0.2516692345 0.8270814275 0.2516692345 0.8270814275 0.5259373395 0.835010674 0.5259373395
0 0.9170478805 0.5259373395 0.9170478805 0.5125834615 0.8270814275 0.5125834615 0.8270814275 0.5259373395 0.9170478805 0.5259373395
0 0.9170478805 0.7298407805 0.9170478805 0.5125834615 0.909728576 0.5125834615 0.909728576 0.7298407805 0.9170478805 0.7298407805
0 0.9170478805 0.7298407805 0.9170478805 0.7175141245 0.5538273865 0.7175141245 0.5538273865 0.7298407805 0.9170478805 0.7298407805
0 0.561146691 0.72932717 0.561146691 0.6445814074999999 0.5538273865 0.6445814074999999 0.5538273865 0.72932717 0.561146691 0.72932717
0 0.6913693200000001 0.5259373395 0.8270814275 0.5259373395 0.8270814275 0.5197740115 0.6913693200000001 0.5197740115 0.6913693200000001 0.5259373395
0 0.6913693200000001 0.5259373395 0.6950289719999999 0.5259373395 0.6950289719999999 0.265536723 0.6913693200000001 0.265536723 0.6913693200000001 0.5259373395
0 0.6950289719999999 0.7175141245 0.6950289719999999 0.5197740115 0.6913693200000001 0.5197740115 0.6913693200000001 0.7175141245 0.6950289719999999 0.7175141245
0 0.6950289719999999 0.36106831 0.8270814275 0.36106831 0.8270814275 0.35490498200000004 0.6950289719999999 0.35490498200000004 0.6950289719999999 0.36106831
0 0.482769137 0.645095018 0.4864287895 0.645095018 0.4864287895 0.5469953775 0.482769137 0.5469953775 0.482769137 0.645095018
0 0.5056419639999999 0.5531587055 0.5056419639999999 0.5469953775 0.482769137 0.5469953775 0.482769137 0.5531587055 0.5056419639999999 0.5531587055
0 0.5056419639999999 0.5531587055 0.5056419639999999 0.265536723 0.5019823115 0.265536723 0.5019823115 0.5531587055 0.5056419639999999 0.5531587055
0 0.3665751755 0.41448382149999996 0.5019823115 0.41448382149999996 0.5019823115 0.408320493 0.3665751755 0.408320493 0.3665751755 0.41448382149999996
0 0.37389448 0.492552645 0.5019823115 0.492552645 0.5019823115 0.48690292749999997 0.37389448 0.48690292749999997 0.37389448 0.492552645
0 0.4101860325 0.48690292749999997 0.4135407135 0.48690292749999997 0.4135407135 0.41448382149999996 0.4101860325 0.41448382149999996 0.4101860325 0.48690292749999997
0 0.44769746850000003 0.492552645 0.45105215 0.492552645 0.45105215 0.41448382149999996 0.44769746850000003 0.41448382149999996 0.44769746850000003 0.492552645
0 0.55779201 0.645095018 0.561146691 0.645095018 0.561146691 0.5798664609999999 0.55779201 0.5798664609999999 0.55779201 0.645095018
0 0.6913693200000001 0.49306625600000004 0.6913693200000001 0.4874165385 0.5876791705000001 0.48690292749999997 0.5873741995 0.4920390345 0.6913693200000001 0.49306625600000004
0 0.8093931075 0.6086286595 0.909728576 0.6086286595 0.909728576 0.6029789419999999 0.8093931075 0.6029789419999999 0.8093931075 0.6086286595
0 0.790179933 0.6435541859999999 0.8118328760000001 0.6065742165 0.8090881365 0.6029789419999999 0.7874351935 0.6399589109999999 0.790179933 0.6435541859999999
0 0.7910948459999999 0.7175141245 0.7910948459999999 0.6399589109999999 0.7877401645 0.6399589109999999 0.7877401645 0.7175141245 0.7910948459999999 0.7175141245
0 0.8517840805 0.7175141245 0.855138762 0.7175141245 0.855138762 0.6086286595 0.8517840805 0.6086286595 0.8517840805 0.7175141245
0 0.8694724 0.6029789419999999 0.8728270815 0.6029789419999999 0.8728270815 0.5259373395 0.8694724 0.5259373395 0.8694724 0.6029789419999999
0 0.10582494649999999 0.6605033385000001 0.10582494649999999 0.497688752 0.097590729 0.497688752 0.097590729 0.6605033385000001 0.10582494649999999 0.6605033385000001
0 0.217139372 0.6605033385000001 0.217139372 0.497688752 0.209820067 0.497688752 0.209820067 0.6605033385000001 0.217139372 0.6605033385000001
0 0.217444343 0.6605033385000001 0.217444343 0.648176682 0.0978957 0.648176682 0.0978957 0.6605033385000001 0.217444343 0.6605033385000001
0 0.209515096 0.497688752 0.217139372 0.497688752 0.217139372 0.2470467385 0.209515096 0.2470467385 0.209515096 0.497688752
0 0.217444343 0.2598870055 0.217444343 0.2470467385 0.0978957 0.2470467385 0.0978957 0.2598870055 0.217444343 0.2598870055
0 0.1052150045 0.497688752 0.1052150045 0.2470467385 0.097590729 0.2470467385 0.097590729 0.497688752 0.1052150045 0.497688752