0 0.8475 0.3695 0.0145 0.665
0 0.61875 0.68725 0.47125 0.02925
0 0.39025 0.7655 0.0145 0.186
0 0.203 0.844 0.389 0.02925
0 0.01525 0.44775 0.01375 0.82175
0 0.4315 0.051 0.84575 0.028
0 0.38975 0.58925 0.0125 0.16825
0 0.39 0.20125 0.0095 0.32875
0 0.3145 0.358 0.1605 0.01525
0 0.23775 0.20125 0.0075 0.32875
0 0.2885 0.6045 0.0075 0.50825
0 0.1505 0.56425 0.28375 0.01525
0 0.57075 0.2 0.0075 0.326
0 0.55175 0.356 0.04575 0.01525
0 0.41 0.31975 0.0495 0.09175
0 0.91625 0.05225 0.124 0.02925
0 0.91575 0.68725 0.12275 0.02925
0 0.9775 0.69425 0.00075 0.01525
0 0.27225 0.48275 0.04 0.00625
0 0.2545 0.526 0.0045 0.093