0 0.338 0.16125 0.545 0.0195
0 0.646 0.16225 0.071 0.0215
0 0.675 0.225 0.01275 0.147
0 0.67575 0.3885 0.01175 0.17975
0 0.615 0.46825 0.1325 0.02
0 0.55475 0.56175 0.01175 0.20675
0 0.36975 0.6555 0.3815 0.0195
0 0.185 0.56275 0.01175 0.20475
0 0.128 0.47025 0.1255 0.02
0 0.07075 0.316 0.01125 0.32875
0 0.30875 0.365 0.48725 0.00625
0 0.55075 0.42 0.0035 0.11625
0 0.19175 0.25975 0.0035 0.2165
0 0.2885 0.25975 0.0035 0.2165
0 0.3855 0.25975 0.0035 0.2165
0 0.44725 0.25675 0.0035 0.2105
0 0.55075 0.25975 0.0035 0.2165
0 0.189 0.45475 0.0035 0.05125
0 0.19875 0.43225 0.02325 0.00625
0 0.27775 0.43225 0.05275 0.00625
0 0.3025 0.44775 0.0035 0.0375
0 0.33225 0.4635 0.0635 0.00625
0 0.36225 0.44825 0.0035 0.03625
0 0.644 0.3815 0.07475 0.00625
0 0.6085 0.3415 0.0035 0.086
0 0.6095 0.225 0.00575 0.147
0 0.644 0.299 0.07475 0.00975
0 0.13475 0.31075 0.0035 0.11475
0 0.101 0.289 0.071 0.00625
0 0.135 0.1795 0.0035 0.05575
0 0.182 0.2095 0.02325 0.00625