0 0.2835 0.045 0.358 0.0205
0 0.45075 0.09325 0.0235 0.11725
0 0.6735 0.142 0.46875 0.01975
0 0.89475 0.49875 0.02575 0.733
0 0.6735 0.8555 0.46875 0.01975
0 0.452 0.90375 0.02575 0.11725
0 0.28475 0.95175 0.36025 0.0215
0 0.117 0.49875 0.02575 0.92725
0 0.44625 0.49875 0.0145 0.733
0 0.2785 0.38025 0.349 0.0095
0 0.2785 0.51025 0.349 0.0095
0 0.3165 0.44525 0.01225 0.1395
0 0.2785 0.65875 0.349 0.0095
0 0.73875 0.5895 0.33675 0.0095
0 0.5765 0.725 0.01225 0.2805
0 0.51125 0.7395 0.14425 0.0095
0 0.74 0.46075 0.3355 0.0095
0 0.7635 0.52525 0.01225 0.13775