0 0.49275 0.194 0.856 0.01925
0 0.91075 0.4825 0.02075 0.59575
0 0.49275 0.7715 0.85675 0.018
0 0.075 0.6615 0.02125 0.238
0 0.07875 0.46075 0.029 0.164
0 0.07575 0.2815 0.02275 0.19425
0 0.695 0.4825 0.007 0.59575
0 0.80625 0.42825 0.22925 0.0065
0 0.80625 0.53875 0.22925 0.0065
0 0.7975 0.4835 0.0075 0.117
0 0.14675 0.38225 0.1645 0.007
0 0.29725 0.3855 0.15075 0.0135
0 0.36475 0.41875 0.01575 0.08025
0 0.36875 0.50075 0.0075 0.08375
0 0.22525 0.5795 0.0075 0.4015
0 0.36875 0.69775 0.0075 0.16525
0 0.29725 0.69725 0.15075 0.0065
0 0.14675 0.53925 0.1645 0.0065
0 0.29725 0.50475 0.15075 0.0065
0 0.09025 0.44 0.05175 0.0065
0 0.199 0.44 0.06 0.0065
0 0.36875 0.28825 0.0075 0.20775