0 0.7447161210000001 0.22104644350000002 0.7447161210000001 0.8489124044999999 0.750932449 0.8489124044999999 0.750932449 0.22104644350000002 0.7447161210000001 0.22104644350000002
0 0.2818068795 0.22104644350000002 0.2818068795 0.2298647855 0.750932449 0.2298647855 0.750932449 0.22104644350000002 0.2818068795 0.22104644350000002
0 0.2818068795 0.22104644350000002 0.2818068795 0.436213992 0.2880232075 0.436213992 0.2880232075 0.22104644350000002 0.2818068795 0.22104644350000002
0 0.2818068795 0.4273956495 0.2818068795 0.436213992 0.4206382095 0.436213992 0.4206382095 0.4273956495 0.2818068795 0.4273956495
0 0.4144218815 0.4273956495 0.4144218815 0.6413874190000001 0.4206382095 0.6413874190000001 0.4206382095 0.4273956495 0.4144218815 0.4273956495
0 0.4144218815 0.6319811875 0.4144218815 0.6407995295 0.5478657275000001 0.6407995295 0.5478657275000001 0.6319811875 0.4144218815 0.6319811875
0 0.541649399 0.632569077 0.541649399 0.8489124044999999 0.5478657275000001 0.8489124044999999 0.5478657275000001 0.632569077 0.541649399 0.632569077
0 0.541234977 0.839506173 0.541234977 0.8483245150000001 0.7505180275 0.8483245150000001 0.7505180275 0.839506173 0.541234977 0.839506173
0 0.5474513055 0.6319811875 0.5474513055 0.6407995295 0.7505180275 0.6407995295 0.7505180275 0.6319811875 0.5474513055 0.6319811875
0 0.448404476 0.4273956495 0.4206382095 0.4273956495 0.4206382095 0.436213992 0.448404476 0.436213992 0.448404476 0.4273956495
0 0.541649399 0.4273956495 0.541234977 0.4356261025 0.750932449 0.4373897705 0.750932449 0.4285714285 0.541649399 0.4273956495
0 0.541234977 0.42680776 0.541234977 0.5702527925 0.5474513055 0.5702527925 0.5474513055 0.42680776 0.541234977 0.42680776
0 0.541649399 0.56202234 0.541649399 0.570840682 0.6274347285 0.570840682 0.6274347285 0.56202234 0.541649399 0.56202234
0 0.6100290095 0.4273956495 0.6100290095 0.5702527925 0.6270203065 0.5702527925 0.6270203065 0.4273956495 0.6100290095 0.4273956495
0 0.5789473685000001 0.22104644350000002 0.57273104 0.22104644350000002 0.57273104 0.436213992 0.5789473685000001 0.436213992 0.5789473685000001 0.22104644350000002
0 0.5026937419999999 0.220458554 0.49564857 0.220458554 0.49564857 0.36272780699999996 0.5026937419999999 0.36272780699999996 0.5026937419999999 0.220458554
0 0.49606299200000004 0.3544973545 0.49606299200000004 0.3633156965 0.5789473685000001 0.3633156965 0.5789473685000001 0.3544973545 0.49606299200000004 0.3544973545
0 0.5254869455000001 0.2286890065 0.49689183600000003 0.2286890065 0.49689183600000003 0.24397413299999998 0.5254869455000001 0.24397413299999998 0.5254869455000001 0.2286890065
0 0.20389556550000001 0.220458554 0.20389556550000001 0.22927689599999998 0.2818068795 0.22927689599999998 0.2818068795 0.220458554 0.20389556550000001 0.220458554
0 0.20389556550000001 0.419165197 0.20389556550000001 0.4356261025 0.2818068795 0.4356261025 0.2818068795 0.419165197 0.20389556550000001 0.419165197