0 0.472 0.01475 0.748 0.0135
0 0.105 0.29775 0.014 0.57875
0 0.83825 0.29775 0.0155 0.57875
0 0.86225 0.5805 0.0325 0.0135
0 0.86225 0.01475 0.0325 0.0135
0 0.07925 0.5805 0.0375 0.0135
0 0.07925 0.01475 0.0375 0.0135
0 0.34675 0.29775 0.00725 0.57875
0 0.46475 0.43725 0.00725 0.3
0 0.61725 0.2905 0.3125 0.0065
0 0.40575 0.50075 0.12525 0.0065
0 0.61675 0.51325 0.00725 0.148
0 0.73425 0.51325 0.00725 0.148
0 0.41775 0.5805 0.6405 0.0135
0 0.79225 0.5805 0.10825 0.0135
0 0.59575 0.44275 0.26975 0.0065
0 0.7885 0.44925 0.11575 0.01975
0 0.224 0.33675 0.25275 0.0065
0 0.224 0.2605 0.25275 0.0065
0 0.23325 0.29875 0.00725 0.08275
0 0.40525 0.1435 0.1245 0.0065
0 0.464 0.07725 0.00725 0.1385
0 0.464 0.16325 0.00725 0.04625
0 0.87475 0.70475 0.00725 0.0685
0 0.55425 0.752 0.6485 0.0065
0 0.234 0.84975 0.00725 0.202
0 0.55425 0.94775 0.6485 0.0065
0 0.87475 0.84975 0.00725 0.202
0 0.64875 0.84975 0.00725 0.202