0 0.5375 0.2275 0.693 0.0215
0 0.8755 0.484 0.01725 0.53475
0 0.19975 0.484 0.01725 0.53475
0 0.37075 0.48475 0.007 0.53375
0 0.28275 0.436 0.183 0.008
0 0.236 0.592 0.09 0.007
0 0.28375 0.57425 0.006 0.043
0 0.3275 0.55625 0.0935 0.007
0 0.28375 0.6735 0.006 0.156
0 0.71425 0.618 0.006 0.2675
0 0.6925 0.462 0.05 0.0545
0 0.65375 0.43825 0.036 0.007
0 0.63925 0.32975 0.007 0.224
0 0.729 0.46575 0.041 0.0475
0 0.8155 0.4455 0.137 0.007
0 0.79775 0.5205 0.173 0.0075
0 0.57175 0.6375 0.006 0.22225
0 0.55575 0.52975 0.0375 0.007
0 0.60875 0.6315 0.08 0.01225
0 0.6435 0.6885 0.0105 0.1265
0 0.5375 0.73975 0.693 0.02325