0 0.4665 0.062 0.898 0.05725
0 0.89975 0.497 0.03125 0.9275
0 0.712 0.94475 0.407 0.03225
0 0.51875 0.9225 0.02075 0.07625
0 0.5105 0.9005 0.03775 0.03225
0 0.5 0.77675 0.0175 0.27975
0 0.4095 0.647 0.1985 0.019
0 0.3155 0.75125 0.0105 0.2275
0 0.16875 0.84875 0.30375 0.03325
0 0.0335 0.44875 0.0325 0.83225
0 0.5285 0.74175 0.07475 0.01425
0 0.562 0.5965 0.00775 0.30475
0 0.29175 0.45125 0.54825 0.01425
0 0.38675 0.24575 0.00775 0.425
0 0.73675 0.49875 0.357 0.019
0 0.53725 0.64475 0.057 0.01425
0 0.3155 0.5995 0.0105 0.07625
0 0.2615 0.5715 0.118 0.019
0 0.20725 0.713 0.0105 0.3035
0 0.25625 0.81 0.10775 0.0465
0 0.38975 0.6095 0.009 0.094
0 0.34075 0.17675 0.00775 0.287
0 0.36375 0.313 0.05375 0.01425
0 0.36375 0.10125 0.05375 0.02625
0 0.561 0.91425 0.0065 0.09275
0 0.5455 0.87375 0.03775 0.012
0 0.21825 0.62625 0.01375 0.0905
0 0.243 0.5125 0.0065 0.137