0 0.39525 0.67825 0.56475 0.0215
0 0.1205 0.3885 0.01525 0.60075
0 0.51375 0.098 0.802 0.0195
0 0.9075 0.479 0.01525 0.78175
0 0.7885 0.86 0.2525 0.0195
0 0.67 0.75875 0.01525 0.18275
0 0.6655 0.8675 0.0065 0.0335
0 0.912 0.87325 0.0065 0.0225
0 0.9175 0.86575 0.0175 0.0085
0 0.921 0.39225 0.01175 0.0085
0 0.921 0.09225 0.01175 0.0085
0 0.912 0.089 0.0065 0.03725
0 0.667 0.3875 0.0065 0.55975
0 0.667 0.08125 0.0065 0.014
0 0.3625 0.0815 0.0065 0.013
0 0.116 0.0815 0.0065 0.013
0 0.115 0.09225 0.027 0.0085
0 0.10725 0.3895 0.01175 0.0085
0 0.10725 0.68475 0.01175 0.0085
0 0.116 0.68525 0.0065 0.0355
0 0.36075 0.696 0.0065 0.014
0 0.659 0.86325 0.01825 0.0085
0 0.52625 0.62125 0.00725 0.0915
0 0.711 0.58025 0.377 0.00925
0 0.785 0.41875 0.22925 0.0085
0 0.5925 0.31575 0.142 0.0085
0 0.525 0.214 0.00725 0.21275
0 0.596 0.20475 0.13475 0.0085
0 0.25075 0.314 0.24525 0.00925
0 0.36975 0.21325 0.00725 0.21075
0 0.45125 0.26725 0.15575 0.00925
0 0.5505 0.327 0.04725 0.014
0 0.22925 0.2085 0.00725 0.2015