0 0.18175 0.45 0.019 0.832
0 0.37325 0.85425 0.402 0.02275
0 0.56775 0.6605 0.01325 0.411
0 0.77 0.4665 0.41725 0.02275
0 0.969 0.256 0.019 0.44375
0 0.43925 0.652 0.0085 0.428
0 0.30775 0.4455 0.27125 0.01475
0 0.615 0.181 0.0085 0.294
0 0.527 0.32075 0.184 0.01475
0 0.76675 0.04475 0.42375 0.0215
0 0.30925 0.04475 0.274 0.0215
0 0.4405 0.25875 0.01125 0.1385
0 0.4405 0.11175 0.01125 0.1555
0 0.495 0.04475 0.1195 0.0215
0 0.51075 0.0885 0.0085 0.109
0 0.529 0.17025 0.044 0.068
0 0.5835 0.197 0.0715 0.01475