0 0.08925 0.20975 0.01875 0.30875
0 0.09175 0.4425 0.024 0.1575
0 0.08925 0.619 0.01875 0.19675
0 0.23975 0.70325 0.32 0.02825
0 0.48225 0.701 0.164 0.024
0 0.632 0.70325 0.13575 0.02825
0 0.6875 0.3865 0.024 0.662
0 0.38975 0.0685 0.61975 0.02725
0 0.40375 0.82275 0.00725 0.2675
0 0.48225 0.9495 0.164 0.013
0 0.55975 0.82275 0.00875 0.26625
0 0.16225 0.3745 0.16475 0.02075
0 0.23775 0.4425 0.01375 0.1565
0 0.16225 0.5125 0.16475 0.0175
0 0.25975 0.51575 0.058 0.00975
0 0.2855 0.61425 0.0065 0.2065
0 0.401 0.2675 0.0065 0.425
0 0.46075 0.475 0.12625 0.00975
0 0.44675 0.59175 0.01025 0.2435
0 0.36675 0.62275 0.169 0.013
0 0.3245 0.369 0.15975 0.00975