0 0.42475 0.075 0.32675 0.0325
0 0.5675 0.17575 0.0415 0.234
0 0.75 0.2835 0.4075 0.02
0 0.946 0.59625 0.01525 0.647
0 0.6835 0.91125 0.54025 0.0175
0 0.421 0.81725 0.01525 0.20525
0 0.3365 0.7235 0.184 0.0175
0 0.25825 0.81675 0.02825 0.204
0 0.172 0.90175 0.2005 0.0325
0 0.0865 0.81725 0.0295 0.20275
0 0.08 0.64575 0.01625 0.14025
0 0.17325 0.5845 0.2025 0.0175
0 0.2675 0.326 0.0175 0.5345
0 0.9465 0.1715 0.01425 0.20275
0 0.55275 0.29225 0.01425 0.0375
0 0.409 0.48675 0.2995 0.01125
0 0.5545 0.44875 0.00975 0.0875
0 0.42375 0.607 0.00975 0.2515
0 0.494 0.50375 0.13075 0.04625
0 0.11825 0.7235 0.0925 0.0175
0 0.21175 0.72025 0.09575 0.01125