0 0.034368071 0.461569744 0.034368071 0.47173647799999996 0.827790096 0.47173647799999996 0.827790096 0.461569744 0.034368071 0.461569744
0 0.8185513675 0.461569744 0.8185513675 0.7803985360000001 0.827790096 0.7803985360000001 0.827790096 0.461569744 0.8185513675 0.461569744
0 0.034368071 0.7702318014999999 0.034368071 0.7803985360000001 0.827790096 0.7803985360000001 0.827790096 0.7702318014999999 0.034368071 0.7702318014999999
0 0.034368071 0.461569744 0.034368071 0.7803985360000001 0.0436067995 0.7803985360000001 0.0436067995 0.461569744 0.034368071 0.461569744
0 0.230968219 0.47173647799999996 0.22690317799999998 0.47173647799999996 0.22690317799999998 0.599430663 0.230968219 0.599430663 0.230968219 0.47173647799999996
0 0.22690317799999998 0.5949572995 0.22690317799999998 0.599430663 0.25314116799999997 0.599430663 0.25314116799999997 0.5949572995 0.22690317799999998 0.5949572995
0 0.2405764965 0.5949572995 0.2405764965 0.6795445305 0.25314116799999997 0.6795445305 0.25314116799999997 0.5949572995 0.2405764965 0.5949572995
0 0.22616408000000002 0.6750711669999999 0.22616408000000002 0.6795445305 0.25277161849999996 0.6795445305 0.25277161849999996 0.6750711669999999 0.22616408000000002 0.6750711669999999
0 0.226533629 0.6750711669999999 0.226533629 0.7803985360000001 0.2305986695 0.7803985360000001 0.2305986695 0.6750711669999999 0.226533629 0.6750711669999999
0 0.6832963784999999 0.6364375765 0.25314116799999997 0.6364375765 0.25314116799999997 0.6409109395 0.6832963784999999 0.6409109395 0.6832963784999999 0.6364375765
0 0.679231338 0.6364375765 0.679231338 0.7803985360000001 0.6832963784999999 0.7803985360000001 0.6832963784999999 0.6364375765 0.679231338 0.6364375765
0 0.7054693274999999 0.6352175680000001 0.6832963784999999 0.6352175680000001 0.6832963784999999 0.657584384 0.7054693274999999 0.657584384 0.7054693274999999 0.6352175680000001
0 0.7010347375 0.6478243189999999 0.7010347375 0.669784465 0.7132298595 0.669784465 0.7132298595 0.6478243189999999 0.7010347375 0.6478243189999999
0 0.7010347375 0.6478243189999999 0.7010347375 0.6518910125 0.7801182555 0.6518910125 0.7801182555 0.6478243189999999 0.7010347375 0.6478243189999999
0 0.7801182555 0.5843838960000001 0.776053215 0.5843838960000001 0.776053215 0.6478243189999999 0.7801182555 0.6478243189999999 0.7801182555 0.5843838960000001
0 0.775683666 0.5839772265000001 0.775683666 0.5884505895 0.818181818 0.5884505895 0.818181818 0.5839772265000001 0.775683666 0.5839772265000001
0 0.776053215 0.6478243189999999 0.776053215 0.682391216 0.7801182555 0.682391216 0.7801182555 0.6478243189999999 0.776053215 0.6478243189999999
0 0.775683666 0.6779178530000001 0.775683666 0.682391216 0.818181818 0.682391216 0.818181818 0.6779178530000001 0.775683666 0.6779178530000001
0 0.7379896525 0.6478243189999999 0.733924612 0.6478243189999999 0.733924612 0.6819845465 0.7379896525 0.6819845465 0.7379896525 0.6478243189999999
0 0.7028824835 0.5839772265000001 0.6988174425 0.5839772265000001 0.6988174425 0.6348108985 0.7028824835 0.6348108985 0.7028824835 0.5839772265000001
0 0.7054693274999999 0.461569744 0.7014042869999999 0.461569744 0.7014042869999999 0.556323709 0.7054693274999999 0.556323709 0.7054693274999999 0.461569744
0 0.6988174425 0.5839772265000001 0.6988174425 0.5880439205 0.776053215 0.5880439205 0.776053215 0.5839772265000001 0.6988174425 0.5839772265000001
0 0.7025129339999999 0.581130541 0.6903178124999999 0.5925172835 0.6936437545 0.5969906465 0.7062084255 0.5856039040000001 0.7025129339999999 0.581130541
0 0.6903178124999999 0.5559170394999999 0.6903178124999999 0.5921106140000001 0.7054693274999999 0.5921106140000001 0.7054693274999999 0.5559170394999999 0.6903178124999999 0.5559170394999999
0 0.600886918 0.461569744 0.5964523279999999 0.461569744 0.5964523279999999 0.556323709 0.600886918 0.556323709 0.600886918 0.461569744
0 0.600886918 0.556323709 0.5964523279999999 0.556323709 0.5964523279999999 0.6409109395 0.600886918 0.6409109395 0.600886918 0.556323709
0 0.551367332 0.6364375765 0.546932742 0.6364375765 0.546932742 0.7702318014999999 0.551367332 0.7702318014999999 0.551367332 0.6364375765
0 0.490761271 0.6364375765 0.4863266815 0.6364375765 0.4863266815 0.7803985360000001 0.490761271 0.7803985360000001 0.490761271 0.6364375765
0 0.49039172200000003 0.7263115084999999 0.49039172200000003 0.7311915415 0.5509977825 0.7311915415 0.5509977825 0.7263115084999999 0.49039172200000003 0.7263115084999999
0 0.519586105 0.7263115084999999 0.515151515 0.7263115084999999 0.515151515 0.7702318014999999 0.519586105 0.7702318014999999 0.519586105 0.7263115084999999
0 0.3510716925 0.6409109395 0.3466371025 0.6409109395 0.3466371025 0.71248475 0.3510716925 0.71248475 0.3510716925 0.6409109395
0 0.3466371025 0.7076047175 0.3466371025 0.71248475 0.490761271 0.71248475 0.490761271 0.7076047175 0.3466371025 0.7076047175
0 0.3780487805 0.7076047175 0.3736141905 0.7076047175 0.3736141905 0.7702318014999999 0.3780487805 0.7702318014999999 0.3780487805 0.7076047175
0 0.4205469325 0.6409109395 0.416112343 0.6409109395 0.416112343 0.7076047175 0.4205469325 0.7076047175 0.4205469325 0.6409109395
0 0.31522542499999995 0.739324929 0.31079083500000004 0.739324929 0.31079083500000004 0.7803985360000001 0.31522542499999995 0.7803985360000001 0.31522542499999995 0.739324929
0 0.31079083500000004 0.739324929 0.31079083500000004 0.7442049614999999 0.349593496 0.7442049614999999 0.349593496 0.739324929 0.31079083500000004 0.739324929
0 0.345158906 0.739324929 0.345158906 0.7803985360000001 0.349593496 0.7803985360000001 0.349593496 0.739324929 0.345158906 0.739324929
0 0.2897265335 0.674664498 0.25314116799999997 0.674664498 0.25314116799999997 0.6795445305 0.2897265335 0.6795445305 0.2897265335 0.674664498
0 0.285291944 0.6409109395 0.285291944 0.6795445305 0.2897265335 0.6795445305 0.2897265335 0.6409109395 0.285291944 0.6409109395
0 0.3333333335 0.461569744 0.32889874350000003 0.461569744 0.32889874350000003 0.6409109395 0.3333333335 0.6409109395 0.3333333335 0.461569744
0 0.48078344399999995 0.461569744 0.47634885450000003 0.461569744 0.47634885450000003 0.574623831 0.48078344399999995 0.574623831 0.48078344399999995 0.461569744
0 0.4889135255 0.570557137 0.47634885450000003 0.570557137 0.47634885450000003 0.6364375765 0.4889135255 0.6364375765 0.4889135255 0.570557137
0 0.3333333335 0.570557137 0.3333333335 0.574623831 0.48078344399999995 0.574623831 0.48078344399999995 0.570557137 0.3333333335 0.570557137
0 0.4889135255 0.592923953 0.4889135255 0.6140707605 0.507390983 0.6140707605 0.507390983 0.592923953 0.4889135255 0.592923953
0 0.4889135255 0.592923953 0.4889135255 0.5969906465 0.5964523279999999 0.5969906465 0.5964523279999999 0.592923953 0.4889135255 0.592923953
0 0.507390983 0.5709638065 0.5014781965 0.5709638065 0.5014781965 0.5969906465 0.507390983 0.5969906465 0.507390983 0.5709638065
0 0.775683666 0.6348108985 0.775683666 0.639284262 0.818181818 0.639284262 0.818181818 0.6348108985 0.775683666 0.6348108985
0 0.037324464 0.0605937375 0.037324464 0.07076047149999999 0.822616408 0.07076047149999999 0.822616408 0.0605937375 0.037324464 0.0605937375
0 0.8141167775 0.0605937375 0.8141167775 0.39080927200000004 0.822616408 0.39080927200000004 0.822616408 0.0605937375 0.8141167775 0.0605937375
0 0.037324464 0.3814558765 0.037324464 0.39080927200000004 0.822616408 0.39080927200000004 0.822616408 0.3814558765 0.037324464 0.3814558765
0 0.037324464 0.0605937375 0.037324464 0.39080927200000004 0.046193644 0.39080927200000004 0.046193644 0.0605937375 0.037324464 0.0605937375
0 0.679231338 0.12118747449999999 0.679231338 0.1252541685 0.8141167775 0.1252541685 0.8141167775 0.12118747449999999 0.679231338 0.12118747449999999
0 0.679231338 0.12118747449999999 0.679231338 0.1500610005 0.6829268295 0.1500610005 0.6829268295 0.12118747449999999 0.679231338 0.12118747449999999
0 0.66518847 0.1455876375 0.66518847 0.15046767 0.6829268295 0.15046767 0.6829268295 0.1455876375 0.66518847 0.1455876375
0 0.5436067995 0.3009353395 0.5436067995 0.3904026025 0.5473022909999999 0.3904026025 0.5473022909999999 0.3009353395 0.5436067995 0.3009353395
0 0.775314117 0.3318422125 0.775314117 0.39080927200000004 0.7790096085 0.39080927200000004 0.7790096085 0.3318422125 0.775314117 0.3318422125
0 0.4866962305 0.2586417245 0.483000739 0.2586417245 0.483000739 0.3814558765 0.4866962305 0.3814558765 0.4866962305 0.2586417245
0 0.6156688840000001 0.07076047149999999 0.6156688840000001 0.262708418 0.6193643755 0.262708418 0.6193643755 0.07076047149999999 0.6156688840000001 0.07076047149999999
0 0.4689578715 0.1459943065 0.4689578715 0.1952013015 0.472653363 0.1952013015 0.472653363 0.1459943065 0.4689578715 0.1459943065
0 0.4689578715 0.1956079705 0.4689578715 0.2460349735 0.509238729 0.2460349735 0.509238729 0.1956079705 0.4689578715 0.1956079705
0 0.509238729 0.24562830400000002 0.5055432375 0.24562830400000002 0.5055432375 0.2623017485 0.509238729 0.2623017485 0.509238729 0.24562830400000002
0 0.509238729 0.0703538025 0.5055432375 0.0703538025 0.5055432375 0.1952013015 0.509238729 0.1952013015 0.509238729 0.0703538025
0 0.674796748 0.1500610005 0.6648189210000001 0.1500610005 0.6648189210000001 0.19967466450000002 0.674796748 0.19967466450000002 0.674796748 0.1500610005
0 0.679600887 0.15046767 0.674796748 0.15046767 0.674796748 0.1642944285 0.679600887 0.1642944285 0.679600887 0.15046767
0 0.6832963784999999 0.1642944285 0.674796748 0.1642944285 0.674796748 0.172427816 0.6832963784999999 0.172427816 0.6832963784999999 0.1642944285
0 0.679600887 0.172427816 0.674796748 0.172427816 0.674796748 0.1952013015 0.679600887 0.1952013015 0.679600887 0.172427816
0 0.6862527715 0.1952013015 0.675166297 0.1952013015 0.675166297 0.2029280195 0.6862527715 0.2029280195 0.6862527715 0.1952013015
0 0.2594235035 0.22285481899999998 0.22172949 0.22285481899999998 0.22172949 0.3017486785 0.2594235035 0.3017486785 0.2594235035 0.22285481899999998
0 0.6829268295 0.07076047149999999 0.679231338 0.07076047149999999 0.679231338 0.121594144 0.6829268295 0.121594144 0.6829268295 0.07076047149999999
0 0.46932742050000004 0.14640097600000002 0.46932742050000004 0.15046767 0.5059127864999999 0.15046767 0.5059127864999999 0.14640097600000002 0.46932742050000004 0.14640097600000002
0 0.483000739 0.2586417245 0.483000739 0.262708418 0.6193643755 0.262708418 0.6193643755 0.2586417245 0.483000739 0.2586417245
0 0.6762749444999999 0.301342009 0.6762749444999999 0.3814558765 0.679970436 0.3814558765 0.679970436 0.301342009 0.6762749444999999 0.301342009
0 0.543976349 0.301342009 0.543976349 0.3054087025 0.679970436 0.3054087025 0.679970436 0.301342009 0.543976349 0.301342009
0 0.679970436 0.3318422125 0.679970436 0.335908906 0.7790096085 0.335908906 0.7790096085 0.3318422125 0.679970436 0.3318422125
0 0.8141167775 0.3318422125 0.7790096085 0.3318422125 0.7790096085 0.335908906 0.8141167775 0.335908906 0.8141167775 0.3318422125