0 0.44925 0.025 0.81525 0.0215
0 0.85 0.2285 0.01375 0.4285
0 0.89275 0.42325 0.09925 0.03875
0 0.9295 0.5925 0.02475 0.3785
0 0.592 0.7705 0.7 0.02275
0 0.24925 0.87675 0.0145 0.23525
0 0.149 0.983 0.2145 0.02275
0 0.055 0.5045 0.027 0.9795
0 0.08025 0.0425 0.02325 0.0215
0 0.145 0.43875 0.2065 0.0215
0 0.28625 0.434 0.076 0.0125
0 0.245 0.604 0.0065 0.31025
0 0.408 0.67725 0.00725 0.209
0 0.32675 0.5785 0.17 0.01125
0 0.25875 0.6715 0.0205 0.175
0 0.6245 0.60625 0.00725 0.35125
0 0.73175 0.437 0.22275 0.01125
0 0.8355 0.4175 0.01525 0.02725
0 0.9 0.0245 0.08625 0.0205
0 0.41375 0.22725 0.00725 0.42625
0 0.22375 0.94875 0.03575 0.04325
0 0.939 0.209 0.00875 0.38975