0 0.9465 0.39625 0.034 0.691
0 0.7885 0.734 0.35 0.01525
0 0.58975 0.734 0.0475 0.01525
0 0.5815 0.77575 0.031 0.0985
0 0.557 0.811 0.0805 0.0285
0 0.5215 0.8745 0.0095 0.1545
0 0.434 0.9445 0.185 0.01525
0 0.34675 0.892 0.0105 0.1205
0 0.04675 0.38575 0.0335 0.67025
0 0.49675 0.066 0.93375 0.03125
0 0.0775 0.77675 0.09525 0.146
0 0.19875 0.83075 0.19025 0.03875
0 0.323 0.84075 0.05825 0.019
0 0.3565 0.83025 0.02575 0.04075
0 0.4565 0.83075 0.02125 0.04275
0 0.4635 0.79375 0.007 0.31575
0 0.53675 0.64175 0.15375 0.01125
0 0.493 0.81 0.06625 0.0265
0 0.61 0.71525 0.007 0.053
0 0.61 0.5915 0.007 0.19425
0 0.50025 0.5005 0.22675 0.01125
0 0.3765 0.508 0.0205 0.0265
0 0.36975 0.472 0.007 0.0985
0 0.359 0.402 0.02875 0.04175
0 0.46525 0.52975 0.007 0.071
0 0.5695 0.6625 0.007 0.05225
0 0.58975 0.71525 0.0475 0.053
0 0.35075 0.3435 0.01225 0.09475
0 0.35125 0.13225 0.013 0.06925
0 0.35875 0.074 0.02825 0.0465
0 0.20175 0.38625 0.3435 0.01125
0 0.6015 0.073 0.0265 0.0455
0 0.5955 0.338 0.01475 0.0815
0 0.5955 0.129 0.01525 0.06625
0 0.60125 0.39775 0.027 0.03875
0 0.5915 0.46125 0.00775 0.09
0 0.789 0.41175 0.3495 0.0095
0 0.265 0.473 0.057 0.01125
0 0.24025 0.5175 0.007 0.1005
0 0.24025 0.58475 0.007 0.03325
0 0.2615 0.58575 0.05 0.03125
0 0.29 0.65875 0.007 0.383