0 0.070943396 0.12241224099999999 0.070943396 0.1584158415 0.9358490564999999 0.1584158415 0.9358490564999999 0.12241224099999999 0.070943396 0.12241224099999999
0 0.9056603775 0.12241224099999999 0.9056603775 0.9324932495 0.9358490564999999 0.9324932495 0.9358490564999999 0.12241224099999999 0.9056603775 0.12241224099999999
0 0.4958490565 0.7407740775 0.4958490565 0.9324932495 0.516981132 0.9324932495 0.516981132 0.7407740775 0.4958490565 0.7407740775
0 0.070943396 0.7407740775 0.070943396 0.7596759675 0.516981132 0.7596759675 0.516981132 0.7407740775 0.070943396 0.7407740775
0 0.07018867899999999 0.12241224099999999 0.07018867899999999 0.7587758775 0.1018867925 0.7587758775 0.1018867925 0.12241224099999999 0.07018867899999999 0.12241224099999999
0 0.6656603775 0.5715571555 0.6656603775 0.9315931595 0.673207547 0.9315931595 0.673207547 0.5715571555 0.6656603775 0.5715571555
0 0.763773585 0.5724572455 0.6656603775 0.5724572455 0.6656603775 0.581458146 0.763773585 0.581458146 0.763773585 0.5724572455
0 0.756226415 0.12241224099999999 0.756226415 0.581458146 0.763773585 0.581458146 0.763773585 0.12241224099999999 0.756226415 0.12241224099999999
0 0.7781132075 0.5724572455 0.763773585 0.5724572455 0.763773585 0.581458146 0.7781132075 0.581458146 0.7781132075 0.5724572455
0 0.7713207545 0.5724572455 0.7713207545 0.6381638165000001 0.7781132075 0.6381638165000001 0.7781132075 0.5724572455 0.7713207545 0.5724572455
0 0.7713207545 0.6291629165 0.7713207545 0.6372637265 0.9358490564999999 0.6372637265 0.9358490564999999 0.6291629165 0.7713207545 0.6291629165
0 0.7713207545 0.6300630065 0.6656603775 0.6300630065 0.6656603775 0.6381638165000001 0.7713207545 0.6381638165000001 0.7713207545 0.6300630065
0 0.673207547 0.7407740775 0.516981132 0.7407740775 0.516981132 0.7488748875 0.673207547 0.7488748875 0.673207547 0.7407740775
0 0.6656603775 0.5724572455 0.4958490565 0.5724572455 0.4958490565 0.580558056 0.6656603775 0.580558056 0.6656603775 0.5724572455
0 0.4958490565 0.12241224099999999 0.4958490565 0.580558056 0.5026415095 0.580558056 0.5026415095 0.12241224099999999 0.4958490565 0.12241224099999999
0 0.070943396 0.502250225 0.070943396 0.510351035 0.518490566 0.510351035 0.518490566 0.502250225 0.070943396 0.502250225
0 0.4105660375 0.502250225 0.403018868 0.502250225 0.403018868 0.7596759675 0.4105660375 0.7596759675 0.4105660375 0.502250225
0 0.4105660375 0.602160216 0.351698113 0.602160216 0.351698113 0.611161116 0.4105660375 0.611161116 0.4105660375 0.602160216
0 0.351698113 0.601260126 0.351698113 0.7587758775 0.35924528299999997 0.7587758775 0.35924528299999997 0.601260126 0.351698113 0.601260126
0 0.5026415095 0.502250225 0.5026415095 0.5724572455 0.518490566 0.5724572455 0.518490566 0.502250225 0.5026415095 0.502250225
0 0.673207547 0.9126912690000001 0.673207547 0.9324932495 0.9358490564999999 0.9324932495 0.9358490564999999 0.9126912690000001 0.673207547 0.9126912690000001
0 0.4950943395 0.891989199 0.4950943395 0.9324932495 0.67245283 0.9324932495 0.67245283 0.891989199 0.4950943395 0.891989199
0 0.8581132075000001 0.8586858685 0.8505660375 0.8586858685 0.8505660375 0.9324932495 0.8581132075000001 0.9324932495 0.8581132075000001 0.8586858685
0 0.8520754715000001 0.5724572455 0.8467924530000001 0.5724572455 0.8467924530000001 0.6381638165000001 0.8520754715000001 0.6381638165000001 0.8520754715000001 0.5724572455
0 0.8467924530000001 0.5724572455 0.8467924530000001 0.580558056 0.9358490564999999 0.580558056 0.9358490564999999 0.5724572455 0.8467924530000001 0.5724572455
0 0.550943396 0.12241224099999999 0.5426415095 0.12241224099999999 0.5426415095 0.580558056 0.550943396 0.580558056 0.550943396 0.12241224099999999