0 0.1475 0.374 0.01775 0.50225
0 0.2615 0.61825 0.246 0.01375
0 0.37975 0.68975 0.009 0.15675
0 0.45525 0.76125 0.15975 0.01375
0 0.594 0.75025 0.118 0.03625
0 0.70875 0.76125 0.11125 0.01375
0 0.75975 0.4455 0.009 0.64525
0 0.80325 0.13325 0.0965 0.021
0 0.80375 0.45625 0.0955 0.01225
0 0.8475 0.29275 0.00825 0.3395
0 0.72675 0.45625 0.0585 0.01225
0 0.5315 0.45625 0.1755 0.01225
0 0.383 0.457 0.013 0.01225
0 0.3735 0.457 0.022 0.01225
0 0.36525 0.293 0.00525 0.34025
0 0.25325 0.3115 0.22925 0.008
0 0.56075 0.513 0.00525 0.12575
0 0.50925 0.57225 0.108 0.008
0 0.45275 0.668 0.00525 0.20025
0 0.45275 0.509 0.00525 0.11775
0 0.38025 0.488 0.00825 0.0745
0 0.38025 0.59725 0.00825 0.029
0 0.3045 0.327 0.034 0.023
0 0.28425 0.13625 0.2915 0.02675
0 0.628 0.13625 0.2725 0.02675
0 0.461 0.14775 0.06175 0.04975
0 0.53225 0.668 0.00525 0.20025
0 0.808 0.76075 0.08675 0.0145