0 0.492 0.06925 0.89525 0.013
0 0.9355 0.387 0.0085 0.65025
0 0.763 0.7055 0.354 0.013
0 0.59025 0.814 0.0085 0.22975
0 0.42325 0.92375 0.343 0.0105
0 0.255 0.818 0.00675 0.222
0 0.049 0.38975 0.00925 0.65525
0 0.731 0.387 0.00675 0.65025
0 0.25675 0.135 0.00675 0.12
0 0.25375 0.22125 0.0125 0.05225
0 0.27775 0.2865 0.0605 0.07825
0 0.266 0.35575 0.037 0.06125
0 0.253 0.5515 0.015 0.3315
0 0.19975 0.33675 0.09575 0.02225
0 0.09825 0.34075 0.1075 0.01425
0 0.305 0.31725 0.115 0.017
0 0.35575 0.35575 0.0135 0.09525
0 0.4585 0.395 0.219 0.017
0 0.834 0.3885 0.21225 0.013
0 0.252 0.71225 0.0135 0.0105
0 0.14525 0.71225 0.20125 0.0105
0 0.27775 0.39625 0.0135 0.0195