0 0.2195 0.8705 0.40025 0.016
0 0.4145 0.75925 0.0115 0.2385
0 0.471 0.65025 0.12475 0.02075
0 0.86175 0.35175 0.01225 0.61875
0 0.63475 0.05825 0.4665 0.032
0 0.41325 0.1625 0.0235 0.2405
0 0.22225 0.26675 0.40575 0.032
0 0.03125 0.56425 0.0235 0.62825
0 0.5435 0.61975 0.01975 0.08175
0 0.54875 0.546 0.00925 0.06575
0 0.5435 0.47325 0.01975 0.07975
0 0.481 0.44125 0.1445 0.016
0 0.6945 0.44125 0.322 0.016
0 0.92125 0.06625 0.1065 0.016
0 0.19025 0.5695 0.2945 0.017
0 0.33525 0.47175 0.0045 0.21325
0 0.33225 0.324 0.01075 0.08275
0 0.33375 0.71725 0.0075 0.094
0 0.31325 0.67325 0.04875 0.00575
0 0.29075 0.62675 0.0045 0.09775
0 0.31325 0.7615 0.04875 0.00575
0 0.29075 0.81075 0.0045 0.10425
0 0.417 0.60975 0.01675 0.061
0 0.4145 0.5065 0.0115 0.1455
0 0.7005 0.653 0.334 0.015
0 0.91525 0.653 0.11875 0.015