0 0.23594470050000002 0.1823708205 0.23594470050000002 0.20364741649999998 0.877419355 0.20364741649999998 0.877419355 0.1823708205 0.23594470050000002 0.1823708205
0 0.858064516 0.1823708205 0.858064516 0.887537994 0.877419355 0.887537994 0.877419355 0.1823708205 0.858064516 0.1823708205
0 0.23594470050000002 0.866261398 0.23594470050000002 0.887537994 0.877419355 0.887537994 0.877419355 0.866261398 0.23594470050000002 0.866261398
0 0.23594470050000002 0.1823708205 0.23594470050000002 0.887537994 0.255299539 0.887537994 0.255299539 0.1823708205 0.23594470050000002 0.1823708205
0 0.255299539 0.681864235 0.080184332 0.681864235 0.080184332 0.6909827759999999 0.255299539 0.6909827759999999 0.255299539 0.681864235
0 0.079262673 0.573454914 0.079262673 0.689969605 0.0875576035 0.689969605 0.0875576035 0.573454914 0.079262673 0.573454914
0 0.080184332 0.574468085 0.080184332 0.583586626 0.255299539 0.583586626 0.255299539 0.574468085 0.080184332 0.574468085
0 0.5566820275 0.5278622085 0.23594470050000002 0.5278622085 0.23594470050000002 0.539007092 0.5566820275 0.539007092 0.5566820275 0.5278622085
0 0.54562212 0.5268490375 0.54562212 0.8865248225 0.5557603685 0.8865248225 0.5557603685 0.5268490375 0.54562212 0.5268490375
0 0.662672811 0.5268490375 0.652534562 0.5268490375 0.652534562 0.734549139 0.662672811 0.734549139 0.662672811 0.5268490375
0 0.653456221 0.7244174265000001 0.653456221 0.73556231 0.7170506910000001 0.73556231 0.7170506910000001 0.7244174265000001 0.653456221 0.7244174265000001
0 0.7069124425 0.7244174265000001 0.7069124425 0.887537994 0.7170506910000001 0.887537994 0.7170506910000001 0.7244174265000001 0.7069124425 0.7244174265000001
0 0.652534562 0.641337386 0.652534562 0.6524822695 0.876497696 0.6524822695 0.876497696 0.641337386 0.652534562 0.641337386