0 0.9396411095 0.8443367654999999 0.9396411095 0.10841914 0.902120718 0.10841914 0.902120718 0.8443367654999999 0.9396411095 0.8443367654999999
0 0.9396411095 0.12356147799999999 0.9396411095 0.10841914 0.044045677 0.10841914 0.044045677 0.12356147799999999 0.9396411095 0.12356147799999999
0 0.0848287115 0.8443367654999999 0.0848287115 0.10841914 0.044045677 0.10841914 0.044045677 0.8443367654999999 0.0848287115 0.8443367654999999
0 0.061990212 0.9812235010000001 0.061990212 0.8437310720000001 0.044045677 0.8437310720000001 0.044045677 0.9812235010000001 0.061990212 0.9812235010000001
0 0.3458401305 0.9818291945 0.3458401305 0.9751665655 0.044045677 0.9751665655 0.044045677 0.9818291945 0.3458401305 0.9818291945
0 0.347471452 0.9812235010000001 0.347471452 0.828588734 0.32952691700000003 0.828588734 0.32952691700000003 0.9812235010000001 0.347471452 0.9812235010000001
0 0.9396411095 0.8443367654999999 0.9396411095 0.8291944274999999 0.32952691700000003 0.8291944274999999 0.32952691700000003 0.8443367654999999 0.9396411095 0.8443367654999999
0 0.55954323 0.8443367654999999 0.577487765 0.8443367654999999 0.577487765 0.6608116294999999 0.55954323 0.6608116294999999 0.55954323 0.8443367654999999
0 0.564437194 0.6656571775 0.5758564435 0.6608116294999999 0.417618271 0.6026650515 0.4045677 0.608116293 0.564437194 0.6656571775
0 0.42740619900000004 0.6075105995 0.42740619900000004 0.346456693 0.406199021 0.346456693 0.406199021 0.6075105995 0.42740619900000004 0.6075105995
0 0.4257748775 0.35433070850000004 0.4257748775 0.346456693 0.044045677 0.346456693 0.044045677 0.35433070850000004 0.4257748775 0.35433070850000004
0 0.4257748775 0.4451847365 0.4257748775 0.437310721 0.044045677 0.437310721 0.044045677 0.4451847365 0.4257748775 0.4451847365
0 0.4257748775 0.568140521 0.4257748775 0.561477892 0.044045677 0.561477892 0.044045677 0.568140521 0.4257748775 0.568140521
0 0.55954323 0.724409449 0.9396411095 0.724409449 0.9396411095 0.7171411265000001 0.55954323 0.7171411265000001 0.55954323 0.724409449
0 0.593800979 0.555420957 0.9396411095 0.555420957 0.9396411095 0.5487583285 0.593800979 0.5487583285 0.593800979 0.555420957
0 0.6133768350000001 0.555420957 0.6133768350000001 0.5130224105 0.593800979 0.5130224105 0.593800979 0.555420957 0.6133768350000001 0.555420957
0 0.921696574 0.10841914 0.9396411095 0.10841914 0.9396411095 0.023622047 0.921696574 0.023622047 0.921696574 0.10841914