0 0.43225 0.142 0.48125 0.0065
0 0.66875 0.27 0.0075 0.26275
0 0.7365 0.39825 0.14325 0.006
0 0.8045 0.6305 0.007 0.4705
0 0.66925 0.86275 0.27725 0.00575
0 0.53425 0.74725 0.007 0.23675
0 0.56375 0.63175 0.066 0.00575
0 0.5935 0.5405 0.007 0.1885
0 0.39425 0.44875 0.405 0.00575
0 0.19525 0.29525 0.007 0.313
0 0.6345 0.44875 0.07525 0.00575
0 0.6685 0.4265 0.007 0.05025
0 0.349 0.29525 0.0065 0.313
0 0.272 0.263 0.161 0.00525
0 0.272 0.353 0.161 0.00525
0 0.429 0.41625 0.0065 0.0715
0 0.5225 0.37475 0.006 0.15425
0 0.47575 0.3005 0.1 0.00575
0 0.42925 0.32525 0.007 0.05525
0 0.439 0.35025 0.027 0.00575
0 0.47575 0.38325 0.1 0.00575
0 0.449 0.36675 0.007 0.039
0 0.389 0.41175 0.08675 0.00575
0 0.3725 0.43025 0.006 0.043
0 0.543 0.32025 0.04675 0.01875
0 0.563 0.31375 0.007 0.032
0 0.56975 0.3005 0.02075 0.00575
0 0.699 0.561 0.21825 0.00575
0 0.71225 0.531 0.02175 0.06575
0 0.7025 0.63175 0.21125 0.00575
0 0.70475 0.59925 0.007 0.07075
0 0.7195 0.472 0.007 0.052
0 0.76225 0.44875 0.092 0.00575
0 0.65625 0.50075 0.1335 0.00575
0 0.66925 0.748 0.27725 0.00575