0 0.97225 0.425 0.02025 0.55625
0 0.87875 0.68925 0.207 0.02775
0 0.62125 0.5785 0.0075 0.24875
0 0.599 0.4575 0.052 0.00625
0 0.87875 0.454 0.207 0.0055
0 0.779 0.57725 0.0075 0.25175
0 0.87875 0.57325 0.207 0.0105
0 0.73375 0.21825 0.0075 0.1495
0 0.70375 0.28975 0.05275 0.00625
0 0.681 0.3365 0.0075 0.0995
0 0.36025 0.383 0.649 0.00625
0 0.313 0.26475 0.0075 0.2425
0 0.51575 0.26475 0.0075 0.2425
0 0.77925 0.28975 0.098 0.00625
0 0.8245 0.3365 0.0075 0.0995
0 0.753 0.383 0.1505 0.00625
0 0.779 0.4155 0.0075 0.0715
0 0.8975 0.09825 0.02025 0.13075
0 0.40925 0.6925 0.747 0.021
0 0.04775 0.42325 0.02625 0.56
0 0.93475 0.15525 0.095 0.01675
0 0.97225 0.15525 0.02025 0.01675
0 0.4715 0.1535 0.87275 0.02025