0 0.2194594595 0.1339779005 0.2194594595 0.1459484345 0.8562162160000001 0.1459484345 0.8562162160000001 0.1339779005 0.2194594595 0.1339779005
0 0.8472072070000001 0.13443830550000002 0.8472072070000001 0.5538674035000001 0.8565765765 0.5538674035000001 0.8565765765 0.13443830550000002 0.8472072070000001 0.13443830550000002
0 0.48108108099999997 0.541896869 0.48108108099999997 0.5538674035000001 0.8565765765 0.5538674035000001 0.8565765765 0.541896869 0.48108108099999997 0.541896869
0 0.48108108099999997 0.541896869 0.48108108099999997 0.8664825045 0.49045045049999997 0.8664825045 0.49045045049999997 0.541896869 0.48108108099999997 0.541896869
0 0.339099099 0.8545119704999999 0.339099099 0.8664825045 0.49045045049999997 0.8664825045 0.49045045049999997 0.8545119704999999 0.339099099 0.8545119704999999
0 0.339099099 0.3305709025 0.339099099 0.8664825045 0.34846846849999996 0.8664825045 0.34846846849999996 0.3305709025 0.339099099 0.3305709025
0 0.21981982 0.3305709025 0.21981982 0.34254143649999996 0.34846846849999996 0.34254143649999996 0.34846846849999996 0.3305709025 0.21981982 0.3305709025
0 0.21981982 0.13443830550000002 0.21981982 0.34254143649999996 0.229189189 0.34254143649999996 0.229189189 0.13443830550000002 0.21981982 0.13443830550000002
0 0.48108108099999997 0.541896869 0.34846846849999996 0.541896869 0.34846846849999996 0.546961326 0.48108108099999997 0.546961326 0.48108108099999997 0.541896869
0 0.414774775 0.14640883999999998 0.410810811 0.14640883999999998 0.410810811 0.541896869 0.414774775 0.541896869 0.414774775 0.14640883999999998
0 0.410810811 0.3305709025 0.34846846849999996 0.3305709025 0.34846846849999996 0.33563535899999997 0.410810811 0.33563535899999997 0.410810811 0.3305709025
0 0.410810811 0.424033149 0.34846846849999996 0.424033149 0.34846846849999996 0.42909760599999996 0.410810811 0.42909760599999996 0.410810811 0.424033149
0 0.4882882885 0.36279926349999997 0.414774775 0.36279926349999997 0.414774775 0.367403315 0.4882882885 0.367403315 0.4882882885 0.36279926349999997
0 0.473153153 0.330110497 0.473153153 0.36694291 0.487927928 0.36694291 0.487927928 0.330110497 0.473153153 0.330110497
0 0.47711711700000003 0.14640883999999998 0.4735135135 0.14640883999999998 0.4735135135 0.3305709025 0.47711711700000003 0.3305709025 0.47711711700000003 0.14640883999999998
0 0.4735135135 0.21270718249999998 0.414774775 0.21270718249999998 0.414774775 0.21731123400000002 0.4735135135 0.21731123400000002 0.4735135135 0.21270718249999998
0 0.45189189199999996 0.3305709025 0.4144144145 0.3305709025 0.4144144145 0.335174954 0.45189189199999996 0.335174954 0.45189189199999996 0.3305709025
0 0.44864864849999997 0.33103130750000004 0.44864864849999997 0.36279926349999997 0.4522522525 0.36279926349999997 0.4522522525 0.33103130750000004 0.44864864849999997 0.33103130750000004
0 0.523963964 0.33103130750000004 0.4882882885 0.33103130750000004 0.4882882885 0.33563535899999997 0.523963964 0.33563535899999997 0.523963964 0.33103130750000004
0 0.5203603605 0.33103130750000004 0.5203603605 0.367403315 0.523963964 0.367403315 0.523963964 0.33103130750000004 0.5203603605 0.33103130750000004
0 0.5203603605 0.36279926349999997 0.5203603605 0.367403315 0.8472072070000001 0.367403315 0.8472072070000001 0.36279926349999997 0.5203603605 0.36279926349999997
0 0.5578378380000001 0.1459484345 0.554234234 0.1459484345 0.554234234 0.36233885800000004 0.5578378380000001 0.36233885800000004 0.5578378380000001 0.1459484345
0 0.6634234235 0.1459484345 0.6598198200000001 0.1459484345 0.6598198200000001 0.36233885800000004 0.6634234235 0.36233885800000004 0.6634234235 0.1459484345
0 0.6176576575 0.36279926349999997 0.6140540539999999 0.36279926349999997 0.6140540539999999 0.541896869 0.6176576575 0.541896869 0.6176576575 0.36279926349999997
0 0.7207207205 0.36279926349999997 0.717117117 0.36279926349999997 0.717117117 0.541896869 0.7207207205 0.541896869 0.7207207205 0.36279926349999997
0 0.717117117 0.48756906099999997 0.6176576575 0.48756906099999997 0.6176576575 0.4921731125 0.717117117 0.4921731125 0.717117117 0.48756906099999997
0 0.670990991 0.48756906099999997 0.6673873875 0.48756906099999997 0.6673873875 0.541896869 0.670990991 0.541896869 0.670990991 0.48756906099999997
0 0.34846846849999996 0.75 0.34846846849999996 0.7546040515 0.3992792795 0.7546040515 0.3992792795 0.75 0.34846846849999996 0.75
0 0.4263063065 0.75 0.3992792795 0.75 0.3992792795 0.7596685085 0.4263063065 0.7596685085 0.4263063065 0.75
0 0.4263063065 0.75 0.4263063065 0.7546040515 0.48108108099999997 0.7546040515 0.48108108099999997 0.75 0.4263063065 0.75
0 0.4263063065 0.75 0.4263063065 0.7891344385 0.42990991 0.7891344385 0.42990991 0.75 0.4263063065 0.75
0 0.415135135 0.7845303865 0.415135135 0.7891344385 0.42990991 0.7891344385 0.42990991 0.7845303865 0.415135135 0.7845303865
0 0.415135135 0.7845303865 0.415135135 0.8545119704999999 0.4187387385 0.8545119704999999 0.4187387385 0.7845303865 0.415135135 0.7845303865