0 0.71575 0.26675 0.34675 0.00925
0 0.53925 0.51925 0.0265 0.0085
0 0.528 0.53825 0.004 0.04675
0 0.56375 0.559 0.07625 0.00525
0 0.59775 0.53825 0.0085 0.0465
0 0.7405 0.51925 0.29375 0.00825
0 0.88325 0.39375 0.008 0.2595
0 0.57725 0.51925 0.04925 0.00825
0 0.62175 0.35575 0.15875 0.003
0 0.69875 0.43875 0.005 0.16925
0 0.62775 0.4225 0.005 0.0295
0 0.61325 0.39875 0.03375 0.02025
0 0.5755 0.39025 0.046 0.003
0 0.75675 0.48525 0.005 0.0765
0 0.78875 0.42925 0.069 0.03775
0 0.8495 0.41175 0.07525 0.003
0 0.814 0.395 0.004 0.0365
0 0.8495 0.37825 0.07525 0.0025
0 0.791 0.3785 0.042 0.0025
0 0.73 0.47575 0.05775 0.0025
0 0.54725 0.23525 0.005 0.056
0 0.66575 0.436 0.07125 0.003
0 0.58625 0.43475 0.088 0.00525
0 0.54725 0.3255 0.01025 0.1265
0 0.548 0.413 0.01175 0.04875
0 0.54725 0.4805 0.01025 0.086