0 0.0581878635 0.0451488955 0.0581878635 0.836695485 0.072319202 0.836695485 0.072319202 0.0451488955 0.0581878635 0.0451488955
0 0.0581878635 0.044188280499999996 0.0581878635 0.065321806 0.7888611805000001 0.065321806 0.7888611805000001 0.044188280499999996 0.0581878635 0.044188280499999996
0 0.773898587 0.0451488955 0.773898587 0.447646494 0.7896924355 0.447646494 0.7896924355 0.0451488955 0.773898587 0.0451488955
0 0.543640898 0.4255523535 0.543640898 0.447646494 0.7896924355 0.447646494 0.7896924355 0.4255523535 0.543640898 0.4255523535
0 0.543640898 0.4255523535 0.543640898 0.836695485 0.5602660015 0.836695485 0.5602660015 0.4255523535 0.543640898 0.4255523535
0 0.0581878635 0.8136407299999999 0.0581878635 0.836695485 0.5594347464999999 0.836695485 0.5594347464999999 0.8136407299999999 0.0581878635 0.8136407299999999
0 0.9102244389999999 0.42459173850000004 0.7896924355 0.42459173850000004 0.7896924355 0.447646494 0.9102244389999999 0.447646494 0.9102244389999999 0.42459173850000004
0 0.9102244389999999 0.0451488955 0.7896924355 0.0451488955 0.7896924355 0.06820365049999999 0.9102244389999999 0.06820365049999999 0.9102244389999999 0.0451488955
0 0.5602660015 0.4255523535 0.0581878635 0.4255523535 0.0581878635 0.4351585015 0.5602660015 0.4351585015 0.5602660015 0.4255523535
0 0.3117206985 0.4255523535 0.3034081465 0.4255523535 0.3034081465 0.836695485 0.3117206985 0.836695485 0.3117206985 0.4255523535
0 0.429758936 0.53506244 0.3042394015 0.53506244 0.3042394015 0.5456292025 0.429758936 0.5456292025 0.429758936 0.53506244
0 0.42227763900000004 0.53506244 0.42227763900000004 0.836695485 0.429758936 0.836695485 0.429758936 0.53506244 0.42227763900000004 0.53506244
0 0.3807148795 0.306436119 0.3724023275 0.306436119 0.3724023275 0.4351585015 0.3807148795 0.4351585015 0.3807148795 0.306436119
0 0.3724023275 0.306436119 0.3724023275 0.316042267 0.4280964255 0.316042267 0.4280964255 0.306436119 0.3724023275 0.306436119
0 0.421446384 0.0451488955 0.421446384 0.31508165250000003 0.4280964255 0.31508165250000003 0.4280964255 0.0451488955 0.421446384 0.0451488955