0 0.359281437 0.558857584 0.359281437 0.8452335005 0.37810094099999997 0.8452335005 0.37810094099999997 0.558857584 0.359281437 0.558857584
0 0.359281437 0.8282516405 0.359281437 0.8452335005 0.5889649275000001 0.8452335005 0.5889649275000001 0.8282516405 0.359281437 0.8282516405
0 0.5697177075 0.827865689 0.5697177075 0.9378618295 0.5885372115 0.9378618295 0.5885372115 0.827865689 0.5697177075 0.827865689
0 0.5697177075 0.922037823 0.5697177075 0.9378618295 0.748502994 0.9378618295 0.748502994 0.922037823 0.5697177075 0.922037823
0 0.7305389219999999 0.558085681 0.7305389219999999 0.9382477810000001 0.74893071 0.9382477810000001 0.74893071 0.558085681 0.7305389219999999 0.558085681
0 0.74893071 0.558085681 0.359281437 0.558857584 0.359281437 0.5754534929999999 0.74893071 0.5746815900000001 0.74893071 0.558085681
0 0.484174508 0.558857584 0.47433704 0.558857584 0.47433704 0.8452335005 0.484174508 0.8452335005 0.484174508 0.558857584
0 0.74893071 0.8355847165 0.5889649275000001 0.8355847165 0.5889649275000001 0.844461598 0.74893071 0.844461598 0.74893071 0.8355847165
0 0.5799828915 0.7371671169999999 0.5701454235 0.7371671169999999 0.5701454235 0.8282516405 0.5799828915 0.8282516405 0.5799828915 0.7371671169999999
0 0.5739948675000001 0.7336935545 0.5701454235 0.7371671169999999 0.5838323355 0.749517561 0.5876817795 0.7460439985 0.5739948675000001 0.7336935545
0 0.5774165955 0.558085681 0.5774165955 0.745658047 0.5872540635 0.745658047 0.5872540635 0.558085681 0.5774165955 0.558085681
0 0.74893071 0.6495561559999999 0.5778443115 0.6495561559999999 0.5778443115 0.6576611345 0.74893071 0.6576611345 0.74893071 0.6495561559999999
0 0.6591103505 0.5584716325000001 0.650128315 0.5584716325000001 0.650128315 0.6576611345 0.6591103505 0.6576611345 0.6591103505 0.5584716325000001
0 0.5876817795 0.6646082595 0.5453378954999999 0.6646082595 0.5453378954999999 0.6707834815 0.5876817795 0.6707834815 0.5876817795 0.6646082595
0 0.473909324 0.6368197605 0.473909324 0.6707834815 0.5449101795 0.6707834815 0.5449101795 0.6368197605 0.473909324 0.6368197605
0 0.6984602225 0.79158626 0.6719418305 0.79158626 0.6719418305 0.8012350444999999 0.6984602225 0.8012350444999999 0.6984602225 0.79158626
0 0.12189905899999999 0.0737167115 0.12189905899999999 0.362794288 0.130453379 0.362794288 0.130453379 0.0737167115 0.12189905899999999 0.0737167115
0 0.12189905899999999 0.3550752605 0.12189905899999999 0.362794288 0.345166809 0.362794288 0.345166809 0.3550752605 0.12189905899999999 0.3550752605
0 0.3366124895 0.3550752605 0.3366124895 0.45503666550000005 0.345166809 0.45503666550000005 0.345166809 0.3550752605 0.3366124895 0.3550752605
0 0.3366124895 0.446545735 0.3366124895 0.45503666550000005 0.509409752 0.45503666550000005 0.509409752 0.446545735 0.3366124895 0.446545735
0 0.5 0.0737167115 0.5 0.45503666550000005 0.509409752 0.45503666550000005 0.509409752 0.0737167115 0.5 0.0737167115
0 0.12189905899999999 0.0737167115 0.12189905899999999 0.08220764200000001 0.509409752 0.08220764200000001 0.509409752 0.0737167115 0.12189905899999999 0.0737167115
0 0.509409752 0.3550752605 0.345166809 0.3550752605 0.345166809 0.3635661905 0.509409752 0.3635661905 0.509409752 0.3550752605
0 0.12147134300000001 0.21072944799999999 0.12147134300000001 0.21767657299999998 0.273310522 0.21767657299999998 0.273310522 0.21072944799999999 0.12147134300000001 0.21072944799999999
0 0.26603935 0.2111153995 0.26603935 0.362794288 0.273738238 0.362794288 0.273738238 0.2111153995 0.26603935 0.2111153995
0 0.30710008549999995 0.29293709 0.265611634 0.29293709 0.265611634 0.2967966035 0.30710008549999995 0.2967966035 0.30710008549999995 0.29293709
0 0.3250641575 0.277113084 0.3045337895 0.294094944 0.30710008549999995 0.29718255499999996 0.3276304535 0.2802006945 0.3250641575 0.277113084
0 0.3237810095 0.25665766100000004 0.3237810095 0.2802006945 0.3280581695 0.2802006945 0.3280581695 0.25665766100000004 0.3237810095 0.25665766100000004
0 0.3280581695 0.18525665749999998 0.3212147135 0.18525665749999998 0.3212147135 0.26476264 0.3280581695 0.26476264 0.3280581695 0.18525665749999998
0 0.3237810095 0.25665766100000004 0.3237810095 0.26476264 0.509409752 0.26476264 0.509409752 0.25665766100000004 0.3237810095 0.25665766100000004
0 0.3280581695 0.163643381 0.3190761335 0.163643381 0.3190761335 0.18525665749999998 0.3280581695 0.18525665749999998 0.3280581695 0.163643381
0 0.3267750215 0.0733307605 0.3177929855 0.0733307605 0.3177929855 0.11578541099999999 0.3267750215 0.11578541099999999 0.3267750215 0.0733307605
0 0.2908468775 0.11231184849999999 0.2908468775 0.1161713625 0.3272027375 0.1161713625 0.3272027375 0.11231184849999999 0.2908468775 0.11231184849999999
0 0.29041916149999997 0.0733307605 0.29041916149999997 0.11578541099999999 0.2946963215 0.11578541099999999 0.2946963215 0.0733307605 0.29041916149999997 0.0733307605
0 0.5590248074999999 0.07873407950000001 0.5590248074999999 0.3662678505 0.5680068435 0.3662678505 0.5680068435 0.07873407950000001 0.5590248074999999 0.07873407950000001
0 0.5585970915 0.3581628715 0.5585970915 0.3662678505 0.9473909325 0.3662678505 0.9473909325 0.3581628715 0.5585970915 0.3581628715
0 0.9384088964999999 0.077962177 0.9384088964999999 0.36588189899999995 0.9473909325 0.36588189899999995 0.9473909325 0.077962177 0.9384088964999999 0.077962177
0 0.9478186485 0.07757622550000001 0.5590248074999999 0.07873407950000001 0.5590248074999999 0.0868390585 0.9478186485 0.08606715549999999 0.9478186485 0.07757622550000001
0 0.7104362705 0.078348128 0.7014542345 0.078348128 0.7014542345 0.3662678505 0.7104362705 0.3662678505 0.7104362705 0.078348128
0 0.7104362705 0.123118487 0.5590248074999999 0.123118487 0.5590248074999999 0.128135855 0.7104362705 0.128135855 0.7104362705 0.123118487
0 0.601796407 0.078348128 0.597091531 0.078348128 0.597091531 0.128135855 0.601796407 0.128135855 0.601796407 0.078348128
0 0.6304533790000001 0.078348128 0.6257485030000001 0.078348128 0.6257485030000001 0.128135855 0.6304533790000001 0.128135855 0.6304533790000001 0.078348128
0 0.6608212145 0.078348128 0.656116339 0.078348128 0.656116339 0.128135855 0.6608212145 0.128135855 0.6608212145 0.078348128
0 0.7104362705 0.322269394 0.5590248074999999 0.322269394 0.5590248074999999 0.328444616 0.7104362705 0.328444616 0.7104362705 0.322269394
0 0.7904191615 0.078348128 0.7904191615 0.1258201465 0.7968349015 0.1258201465 0.7968349015 0.078348128 0.7904191615 0.078348128
0 0.7904191615 0.12003087600000001 0.7904191615 0.1258201465 0.9478186485 0.1258201465 0.9478186485 0.12003087600000001 0.7904191615 0.12003087600000001
0 0.9478186485 0.260903126 0.7998289135 0.260903126 0.7998289135 0.268236202 0.9478186485 0.268236202 0.9478186485 0.260903126
0 0.8169375535000001 0.260903126 0.8088109495 0.260903126 0.8088109495 0.3662678505 0.8169375535000001 0.3662678505 0.8169375535000001 0.260903126
0 0.8396065015 0.12003087600000001 0.8327630455 0.12003087600000001 0.8327630455 0.268236202 0.8396065015 0.268236202 0.8396065015 0.12003087600000001
0 0.766467066 0.1902740255 0.7014542345 0.1902740255 0.7014542345 0.23157082199999998 0.766467066 0.23157082199999998 0.766467066 0.1902740255
0 0.75962361 0.1902740255 0.75962361 0.2643766885 0.766467066 0.2643766885 0.766467066 0.1902740255 0.75962361 0.1902740255
0 0.7014542345 0.2582014665 0.7014542345 0.2643766885 0.766467066 0.2643766885 0.766467066 0.2582014665 0.7014542345 0.2582014665
0 0.886227545 0.30991894999999997 0.8857998290000001 0.3662678505 0.890076989 0.3662678505 0.890932421 0.30991894999999997 0.886227545 0.30991894999999997
0 0.8088109495 0.3103049015 0.8088109495 0.31570822099999996 0.890932421 0.31570822099999996 0.890932421 0.3103049015 0.8088109495 0.3103049015