0 0.4465 0.37125 0.5495 0.0215
0 0.69675 0.52725 0.02025 0.287
0 0.69725 0.729 0.03175 0.1165
0 0.45375 0.79725 0.5375 0.01575
0 0.59075 0.542 0.1935 0.00875
0 0.7135 0.54375 0.016 0.00975
0 0.501 0.51825 0.01375 0.039
0 0.5 0.604 0.012 0.11375
0 0.59075 0.664 0.19375 0.008
0 0.57825 0.72825 0.01525 0.12375
0 0.71325 0.665 0.015 0.01
0 0.1935 0.5855 0.01875 0.40075
0 0.1945 0.32025 0.0175 0.08025
0 0.388204877 0.24317292599999998 0.3946218395 0.23255694449999997 0.171194275 0.2359347675 0.171194275 0.244620558 0.388204877 0.24317292599999998
0 0.394199329 0.232445987 0.389954962 0.23883003049999998 0.387621497 0.24317292599999998 0.4337071 0.2808113525 0.448291109 0.2779160895 0.394199329 0.232445987
0 0.4360405115 0.3580183965 0.45354136549999996 0.3580183965 0.45354136549999996 0.2779160895 0.43662389100000004 0.2822589845 0.4360405115 0.3580183965
0 0.1935 0.2625 0.0115 0.034