0 0.48825 0.801 0.79175 0.01575
0 0.1105 0.747 0.035 0.12375
0 0.115 0.46375 0.0255 0.44225
0 0.88325 0.801 0.01625 0.01575
0 0.88325 0.876 0.01625 0.16575
0 0.7785 0.9555 0.2255 0.0065
0 0.675 0.876 0.0185 0.16575
0 0.4565 0.68875 0.01175 0.2405
0 0.282 0.5715 0.3605 0.0055
0 0.33675 0.50275 0.4685 0.0055
0 0.565 0.374 0.01175 0.26275
0 0.3825 0.537 0.01175 0.07425
0 0.722 0.39875 0.3245 0.0055
0 0.7855 0.5625 0.19775 0.0055
0 0.7855 0.7045 0.19775 0.00825
0 0.568 0.706 0.236 0.005
0 0.7855 0.6225 0.19775 0.007
0 0.593 0.75625 0.0105 0.10525
0 0.87275 0.43425 0.02325 0.38325
0 0.8685 0.667 0.0315 0.083
0 0.87275 0.75875 0.02325 0.10025
0 0.69125 0.58925 0.0105 0.059
0 0.696 0.6635 0.01975 0.09
0 0.11925 0.1895 0.03375 0.10625
0 0.115 0.087 0.01975 0.09925
0 0.87025 0.19325 0.0185 0.09875
0 0.49125 0.251 0.778 0.017
0 0.87275 0.251 0.02325 0.017