0 0.14625 0.45475 0.015 0.70175
0 0.53025 0.7985 0.783 0.0145
0 0.91425 0.57275 0.015 0.466
0 0.68575 0.34725 0.472 0.0145
0 0.4575 0.22925 0.015 0.25075
0 0.30175 0.111 0.3265 0.0145
0 0.30175 0.34725 0.2965 0.0145
0 0.31725 0.67575 0.0055 0.26
0 0.22925 0.5485 0.1815 0.0055
0 0.3515 0.56275 0.07375 0.0055
0 0.3855 0.45275 0.0055 0.2255
0 0.3645 0.631 0.1 0.0055
0 0.41175 0.717 0.0055 0.1775
0 0.36175 0.7045 0.0945 0.0055
0 0.532 0.68975 0.0055 0.232
0 0.5385 0.57625 0.01825 0.0055
0 0.57975 0.573 0.06375 0.01175
0 0.7665 0.57625 0.3105 0.0055
0 0.66125 0.45675 0.0055 0.2335
0 0.795 0.45675 0.0055 0.2335
0 0.85225 0.44575 0.10875 0.0055
0 0.80075 0.6925 0.0055 0.2265
0 0.895 0.64425 0.05325 0.0055