0 0.0827447025 0.1555989585 0.0827447025 0.8196614584999999 0.10595358199999999 0.8196614584999999 0.10595358199999999 0.1555989585 0.0827447025 0.1555989585
0 0.083753784 0.1555989585 0.083753784 0.1705729165 0.896064581 0.1705729165 0.896064581 0.1555989585 0.083753784 0.1555989585
0 0.8728557015 0.1555989585 0.8728557015 0.8196614584999999 0.896064581 0.8196614584999999 0.896064581 0.1555989585 0.8728557015 0.1555989585
0 0.083753784 0.8053385415000001 0.083753784 0.8203125 0.896064581 0.8203125 0.896064581 0.8053385415000001 0.083753784 0.8053385415000001
0 0.3995963675 0.3919270835 0.083753784 0.3919270835 0.083753784 0.396484375 0.3995963675 0.396484375 0.3995963675 0.3919270835
0 0.3905146315 0.3919270835 0.3905146315 0.8203125 0.3995963675 0.8203125 0.3995963675 0.3919270835 0.3905146315 0.3919270835
0 0.39757820400000005 0.595703125 0.083753784 0.595703125 0.083753784 0.6002604165000001 0.39757820400000005 0.6002604165000001 0.39757820400000005 0.595703125
0 0.5711402624999999 0.48046875 0.5640766899999999 0.48046875 0.5640766899999999 0.8203125 0.5711402624999999 0.8203125 0.5711402624999999 0.48046875
0 0.5711402624999999 0.7076822915000001 0.3905146315 0.7076822915000001 0.3905146315 0.7122395834999999 0.5711402624999999 0.7122395834999999 0.5711402624999999 0.7076822915000001
0 0.896064581 0.5338541665000001 0.5640766899999999 0.5338541665000001 0.5640766899999999 0.5384114584999999 0.896064581 0.5384114584999999 0.896064581 0.5338541665000001
0 0.19273461149999999 0.5182291665000001 0.083753784 0.5182291665000001 0.083753784 0.5227864584999999 0.19273461149999999 0.5227864584999999 0.19273461149999999 0.5182291665000001
0 0.2542885975 0.4765625 0.187689203 0.5188802084999999 0.19273461149999999 0.5227864584999999 0.259334006 0.48046875 0.2542885975 0.4765625
0 0.252270434 0.3919270835 0.252270434 0.48046875 0.259334006 0.48046875 0.259334006 0.3919270835 0.252270434 0.3919270835
0 0.6357214935 0.318359375 0.625630676 0.318359375 0.625630676 0.4134114585 0.6357214935 0.4134114585 0.6357214935 0.318359375