0 0.04725 0.45625 0.019 0.81775
0 0.25775 0.853 0.44025 0.02575
0 0.47125 0.69325 0.013 0.34525
0 0.64475 0.5335 0.36025 0.02575
0 0.8145 0.2965 0.021 0.49925
0 0.3515 0.6745 0.00475 0.3825
0 0.19575 0.48775 0.31625 0.009
0 0.28025 0.2695 0.0075 0.4455
0 0.34825 0.36525 0.14375 0.009
0 0.418 0.2285 0.00475 0.2825
0 0.475 0.28175 0.11875 0.0205
0 0.5285 0.18925 0.01075 0.2055
0 0.229 0.0675 0.38275 0.03975
0 0.6795 0.0675 0.291 0.03975
0 0.47725 0.072 0.114 0.04875
0 0.86625 0.51925 0.08275 0.054
0 0.86625 0.0745 0.08275 0.054
0 0.29375 0.13875 0.01975 0.10275