0 0.288 0.2725 0.43425 0.01625
0 0.49125 0.23025 0.02775 0.1005
0 0.715 0.18725 0.47525 0.01475
0 0.941 0.47275 0.0235 0.58525
0 0.0805 0.51475 0.0185 0.501
0 0.67 0.8075 0.0165 0.11225
0 0.573 0.85975 0.2105 0.00775
0 0.47575 0.8075 0.0165 0.11225
0 0.27775 0.75825 0.41275 0.01375
0 0.807 0.75825 0.2905 0.01375
0 0.581 0.757 0.194 0.01075
0 0.37275 0.669 0.01225 0.193
0 0.22475 0.5755 0.308 0.006
0 0.22475 0.5115 0.308 0.006
0 0.31625 0.5435 0.01225 0.07
0 0.58675 0.71925 0.01225 0.086
0 0.4795 0.67925 0.227 0.006
0 0.73675 0.58225 0.43125 0.006
0 0.52725 0.63075 0.01225 0.10275
0 0.7535 0.38275 0.01225 0.405
0 0.85 0.4325 0.20525 0.007
0 0.85 0.513 0.20525 0.0075
0 0.85 0.346 0.20525 0.006
0 0.499 0.42625 0.01225 0.181
0 0.52875 0.51375 0.07175 0.006
0 0.0775 0.1755 0.01225 0.17775
0 0.9465 0.13475 0.01225 0.0905
0 0.71675 0.51375 0.0615 0.006