0 0.8521505375 0.0609318995 0.8521505375 0.0250896055 0.1460573475 0.0250896055 0.1460573475 0.0609318995 0.8521505375 0.0609318995
0 0.8512544805 0.589008363 0.8512544805 0.5639187575 0.6093189965 0.5639187575 0.6093189965 0.589008363 0.8512544805 0.589008363
0 0.629032258 0.7753882915 0.629032258 0.5639187575 0.610215054 0.5639187575 0.610215054 0.7753882915 0.629032258 0.7753882915
0 0.629032258 0.7741935485 0.629032258 0.7491039425 0.379032258 0.7491039425 0.379032258 0.7741935485 0.629032258 0.7741935485
0 0.39784946250000003 0.7753882915 0.39784946250000003 0.5639187575 0.379032258 0.5639187575 0.379032258 0.7753882915 0.39784946250000003 0.7753882915
0 0.39784946250000003 0.589008363 0.39784946250000003 0.5639187575 0.1460573475 0.5639187575 0.1460573475 0.589008363 0.39784946250000003 0.589008363
0 0.167562724 0.589008363 0.167562724 0.0250896055 0.1460573475 0.0250896055 0.1460573475 0.589008363 0.167562724 0.589008363
0 0.39784946250000003 0.577060932 0.527777778 0.577060932 0.527777778 0.5639187575 0.39784946250000003 0.5639187575 0.39784946250000003 0.577060932
0 0.527777778 0.577060932 0.527777778 0.0250896055 0.5089605735 0.0250896055 0.5089605735 0.577060932 0.527777778 0.577060932
0 0.5089605735 0.42413381099999997 0.8521505375 0.42413381099999997 0.8521505375 0.40979689350000004 0.5089605735 0.40979689350000004 0.5089605735 0.42413381099999997
0 0.610215054 0.5639187575 0.6218637995 0.5639187575 0.6218637995 0.40979689350000004 0.610215054 0.40979689350000004 0.610215054 0.5639187575
0 0.8521505375 0.42413381099999997 0.8521505375 0.0250896055 0.8306451615 0.0250896055 0.8306451615 0.42413381099999997 0.8521505375 0.42413381099999997
0 0.8154121864999999 0.589008363 0.8521505375 0.589008363 0.8521505375 0.42413381099999997 0.8154121864999999 0.42413381099999997 0.8154121864999999 0.589008363