0 0.55025 0.066 0.7985 0.04325
0 0.943 0.47475 0.013 0.85975
0 0.72725 0.894 0.44425 0.0215
0 0.5115 0.88425 0.013 0.04075
0 0.302 0.87525 0.432 0.0215
0 0.0925 0.69075 0.013 0.391
0 0.1265 0.5145 0.081 0.03725
0 0.15925 0.28825 0.016 0.488
0 0.1185 0.07675 0.065 0.0215
0 0.3425 0.52525 0.35125 0.0155
0 0.51375 0.69075 0.00875 0.34775
0 0.436 0.61275 0.0065 0.16075
0 0.471 0.68775 0.0765 0.01075
0 0.41625 0.68775 0.04625 0.01075
0 0.39625 0.7735 0.0065 0.18225
0 0.7745 0.48675 0.32375 0.018
0 0.73225 0.283 0.008 0.38975
0 0.6265 0.21225 0.008 0.2495
0 0.67525 0.33025 0.1055 0.01325