0 0.4195 0.0875 0.7285 0.03375
0 0.77175 0.34175 0.024 0.542
0 0.827 0.596 0.1345 0.03375
0 0.88225 0.74975 0.024 0.34125
0 0.52325 0.90625 0.74225 0.028
0 0.159 0.81375 0.01275 0.212
0 0.11 0.7165 0.10975 0.018
0 0.06175 0.3985 0.01275 0.6555
0 0.88275 0.54775 0.02325 0.06275
0 0.839 0.087 0.1105 0.0325
0 0.32375 0.7155 0.317 0.01575
0 0.47675 0.81375 0.01125 0.212
0 0.28675 0.81375 0.01125 0.212
0 0.47675 0.62525 0.01125 0.1965
0 0.63325 0.53475 0.30175 0.01575
0 0.47475 0.53475 0.016 0.01575
0 0.20725 0.53475 0.30425 0.01575
0 0.35425 0.307 0.01125 0.4725