0 0.44475 0.06225 0.79425 0.01675
0 0.05525 0.479 0.0145 0.8505
0 0.47125 0.68825 0.01025 0.432
0 0.654 0.4795 0.37575 0.01475
0 0.8345 0.2705 0.0145 0.433
0 0.4685 0.2705 0.00475 0.433
0 0.35425 0.6805 0.00475 0.4185
0 0.20225 0.479 0.30875 0.01575
0 0.20225 0.89325 0.30875 0.021
0 0.4165 0.897 0.1195 0.01475
0 0.26175 0.2705 0.00475 0.433
0 0.365 0.34825 0.21125 0.00725
0 0.3785 0.203 0.00475 0.298
0 0.45575 0.08575 0.02075 0.06375
0 0.23825 0.09425 0.04225 0.0805
0 0.89875 0.4795 0.114 0.01475
0 0.89875 0.06225 0.114 0.01675