0 0.456492637 0.17559769149999999 0.456492637 0.15828524300000002 0.0388219545 0.15828524300000002 0.0388219545 0.17559769149999999 0.456492637 0.17559769149999999
0 0.456492637 0.8755152515 0.456492637 0.15828524300000002 0.44243641250000004 0.15828524300000002 0.44243641250000004 0.8755152515 0.456492637 0.8755152515
0 0.456492637 0.8755152515 0.456492637 0.8582028030000001 0.34672021399999997 0.8582028030000001 0.34672021399999997 0.8755152515 0.456492637 0.8755152515
0 0.35408299849999997 0.9810387469999999 0.35408299849999997 0.8582028030000001 0.34672021399999997 0.8582028030000001 0.34672021399999997 0.9810387469999999 0.35408299849999997 0.9810387469999999
0 0.35408299849999997 0.9810387469999999 0.35408299849999997 0.972794724 0.22356091050000002 0.972794724 0.22356091050000002 0.9810387469999999 0.35408299849999997 0.9810387469999999
0 0.2295850065 0.9810387469999999 0.2295850065 0.7370156634999999 0.22356091050000002 0.7370156634999999 0.22356091050000002 0.9810387469999999 0.2295850065 0.9810387469999999
0 0.2295850065 0.754328112 0.2295850065 0.7370156634999999 0.0388219545 0.7370156634999999 0.0388219545 0.754328112 0.2295850065 0.754328112
0 0.052878179500000004 0.754328112 0.052878179500000004 0.15828524300000002 0.0388219545 0.15828524300000002 0.0388219545 0.754328112 0.052878179500000004 0.754328112
0 0.34672021399999997 0.8582028030000001 0.360776439 0.8582028030000001 0.360776439 0.7370156634999999 0.34672021399999997 0.7370156634999999 0.34672021399999997 0.8582028030000001
0 0.360776439 0.754328112 0.360776439 0.7370156634999999 0.2295850065 0.7370156634999999 0.2295850065 0.754328112 0.360776439 0.754328112
0 0.44176706849999997 0.7452596865000001 0.44176706849999997 0.7370156634999999 0.34605086999999995 0.7370156634999999 0.34605086999999995 0.7452596865000001 0.44176706849999997 0.7452596865000001
0 0.297188755 0.7370156634999999 0.3032128515 0.7370156634999999 0.3032128515 0.6586974445 0.297188755 0.6586974445 0.297188755 0.7370156634999999
0 0.11914323950000001 0.7361912615 0.12516733600000002 0.7361912615 0.12516733600000002 0.5812036275 0.11914323950000001 0.5812036275 0.11914323950000001 0.7361912615
0 0.12516733600000002 0.6051112945 0.12516733600000002 0.5812036275 0.0522088355 0.5812036275 0.0522088355 0.6051112945 0.12516733600000002 0.6051112945
0 0.1198125835 0.5894476505 0.2135207495 0.5894476505 0.2135207495 0.5820280295 0.1198125835 0.5820280295 0.1198125835 0.5894476505
0 0.2135207495 0.5894476505 0.2135207495 0.3602638085 0.20749665350000002 0.3602638085 0.20749665350000002 0.5894476505 0.2135207495 0.5894476505
0 0.2771084335 0.588623248 0.44243641250000004 0.588623248 0.44243641250000004 0.5812036275 0.2771084335 0.5812036275 0.2771084335 0.588623248
0 0.3835341365 0.666117065 0.3835341365 0.6586974445 0.297188755 0.6586974445 0.297188755 0.666117065 0.3835341365 0.666117065
0 0.902945114 0.17394888700000002 0.902945114 0.157460841 0.486613119 0.157460841 0.486613119 0.17394888700000002 0.902945114 0.17394888700000002
0 0.902945114 0.754328112 0.902945114 0.157460841 0.8895582329999999 0.157460841 0.8895582329999999 0.754328112 0.902945114 0.754328112
0 0.902945114 0.754328112 0.902945114 0.737840066 0.486613119 0.737840066 0.486613119 0.754328112 0.902945114 0.754328112
0 0.5 0.754328112 0.5 0.157460841 0.486613119 0.157460841 0.486613119 0.754328112 0.5 0.754328112
0 0.5 0.4525968675 0.730923695 0.4525968675 0.730923695 0.444352844 0.5 0.444352844 0.5 0.4525968675
0 0.7242302545 0.4525968675 0.730923695 0.4525968675 0.730923695 0.17394888700000002 0.7242302545 0.17394888700000002 0.7242302545 0.4525968675
0 0.7302543505 0.5869744435 0.7302543505 0.44352844199999997 0.7235609104999999 0.44352844199999997 0.7235609104999999 0.5869744435 0.7302543505 0.5869744435
0 0.888888889 0.5869744435 0.888888889 0.5787304205 0.7235609104999999 0.5787304205 0.7235609104999999 0.5869744435 0.888888889 0.5869744435
0 0.641231593 0.737840066 0.6479250335000001 0.737840066 0.6479250335000001 0.4525968675 0.641231593 0.4525968675 0.641231593 0.737840066
0 0.5 0.579554823 0.641231593 0.579554823 0.641231593 0.5713107995000001 0.5 0.5713107995000001 0.5 0.579554823
0 0.5006693440000001 0.6273701565 0.5113788485 0.6273701565 0.5113788485 0.579554823 0.5006693440000001 0.579554823 0.5006693440000001 0.6273701565