0 0.321 0.861 0.3015 0.0135
0 0.14325 0.859 0.05525 0.00975
0 0.1255 0.605 0.0195 0.51775
0 0.2935 0.35275 0.35575 0.01625
0 0.52225 0.32225 0.13725 0.075
0 0.7545 0.29275 0.36225 0.01575
0 0.6875 0.79825 0.49625 0.00925
0 0.45575 0.83075 0.0325 0.074
0 0.44425 0.75975 0.01075 0.068
0 0.3675 0.6 0.01075 0.1835
0 0.41575 0.51075 0.106 0.0055
0 0.46325 0.485 0.01075 0.05725
0 0.24425 0.68925 0.25725 0.0055
0 0.40375 0.70825 0.092 0.0405
0 0.24425 0.621 0.25725 0.0055
0 0.248 0.655 0.01075 0.074
0 0.24425 0.54325 0.25725 0.0055
0 0.532 0.7445 0.18475 0.0055
0 0.619 0.7725 0.01075 0.061
0 0.619 0.707 0.01075 0.08
0 0.58975 0.66975 0.07025 0.0055
0 0.56 0.586 0.01075 0.17225
0 0.647 0.61925 0.18475 0.0055
0 0.83075 0.589 0.20975 0.006
0 0.926 0.69725 0.0195 0.211
0 0.7325 0.604 0.013 0.03575
0 0.7325 0.543 0.013 0.08575
0 0.64 0.50275 0.17075 0.0055
0 0.83075 0.50325 0.20975 0.0065
0 0.926 0.3955 0.0195 0.2215
0 0.92 0.54925 0.03025 0.08525
0 0.954 0.7975 0.03675 0.01075
0 0.96475 0.884 0.01525 0.18425
0 0.8725 0.97225 0.2 0.0075
0 0.78 0.88475 0.01525 0.1825
0 0.12925 0.2195 0.012 0.25275
0 0.92225 0.189 0.012 0.19175