0 0.1830732295 0.30242825599999995 0.1830732295 0.3134657835 0.56242497 0.3134657835 0.56242497 0.30242825599999995 0.1830732295 0.30242825599999995
0 0.5534213685 0.30242825599999995 0.5534213685 0.885945548 0.56242497 0.885945548 0.56242497 0.30242825599999995 0.5534213685 0.30242825599999995
0 0.5534213685 0.8749080205 0.5534213685 0.885945548 0.9411764705000001 0.885945548 0.9411764705000001 0.8749080205 0.5534213685 0.8749080205
0 0.932172869 0.020603385 0.932172869 0.885945548 0.9411764705000001 0.885945548 0.9411764705000001 0.020603385 0.932172869 0.020603385
0 0.1830732295 0.020603385 0.1830732295 0.0316409125 0.9405762304999999 0.0316409125 0.9405762304999999 0.020603385 0.1830732295 0.020603385
0 0.1830732295 0.020603385 0.1830732295 0.3134657835 0.1920768305 0.3134657835 0.1920768305 0.020603385 0.1830732295 0.020603385
0 0.6896758705 0.1817512875 0.680672269 0.1817512875 0.680672269 0.885945548 0.6896758705 0.885945548 0.6896758705 0.1817512875
0 0.680672269 0.1817512875 0.680672269 0.1927888155 0.7274909965 0.1927888155 0.7274909965 0.1817512875 0.680672269 0.1817512875
0 0.717887155 0.020603385 0.717887155 0.19205297999999998 0.7268907564999999 0.19205297999999998 0.7268907564999999 0.020603385 0.717887155 0.020603385
0 0.9411764705000001 0.259749816 0.680672269 0.259749816 0.680672269 0.2707873435 0.9411764705000001 0.2707873435 0.9411764705000001 0.259749816
0 0.9411764705000001 0.43414275199999997 0.680672269 0.43414275199999997 0.680672269 0.4451802795 0.9411764705000001 0.4451802795 0.9411764705000001 0.43414275199999997
0 0.8469387755000001 0.7041942605 0.837935174 0.7041942605 0.837935174 0.885945548 0.8469387755000001 0.885945548 0.8469387755000001 0.7041942605
0 0.6800720290000001 0.6011773365 0.6800720290000001 0.612214864 0.7929171669999999 0.612214864 0.7929171669999999 0.6011773365 0.6800720290000001 0.6011773365
0 0.7929171669999999 0.6011773365 0.7929171669999999 0.612214864 0.9405762304999999 0.612214864 0.9405762304999999 0.6011773365 0.7929171669999999 0.6011773365
0 0.7929171669999999 0.7041942605 0.6800720290000001 0.7041942605 0.6800720290000001 0.7152317880000001 0.7929171669999999 0.7152317880000001 0.7929171669999999 0.7041942605
0 0.7929171669999999 0.7041942605 0.7929171669999999 0.7152317880000001 0.9405762304999999 0.7152317880000001 0.9405762304999999 0.7041942605 0.7929171669999999 0.7041942605
0 0.7767106844999999 0.6011773365 0.7767106844999999 0.7152317880000001 0.7935174070000001 0.7152317880000001 0.7935174070000001 0.6011773365 0.7767106844999999 0.6011773365
0 0.6266506605 0.21265636499999999 0.5402160865 0.21265636499999999 0.5402160865 0.2236938925 0.6266506605 0.2236938925 0.6266506605 0.21265636499999999
0 0.617647059 0.166298749 0.617647059 0.2236938925 0.6266506605 0.2236938925 0.6266506605 0.166298749 0.617647059 0.166298749
0 0.7292917165 0.34216335550000004 0.680672269 0.34216335550000004 0.680672269 0.35320088299999997 0.7292917165 0.35320088299999997 0.7292917165 0.34216335550000004
0 0.1830732295 0.020603385 0.031812725 0.020603385 0.031812725 0.0316409125 0.1830732295 0.0316409125 0.1830732295 0.020603385
0 0.1830732295 0.259749816 0.031812725 0.259749816 0.031812725 0.2707873435 0.1830732295 0.2707873435 0.1830732295 0.259749816
0 0.6020408165 0.855776306 0.56242497 0.855776306 0.56242497 0.8749080205 0.6020408165 0.8749080205 0.6020408165 0.855776306
0 0.717887155 0.020603385 0.705882353 0.020603385 0.705882353 0.050036792 0.717887155 0.050036792 0.717887155 0.020603385