0 0.10425 0.4235 0.02275 0.69375
0 0.29125 0.764 0.39675 0.013
0 0.4825 0.8385 0.014 0.16225
0 0.62575 0.913 0.30075 0.013
0 0.76875 0.4985 0.01475 0.84275
0 0.4345 0.09125 0.68325 0.0285
0 0.405 0.19625 0.00875 0.18125
0 0.42925 0.28275 0.057 0.008
0 0.45325 0.324 0.00875 0.09025
0 0.287 0.365 0.3415 0.008
0 0.22625 0.29 0.22075 0.00625
0 0.33325 0.324 0.00675 0.07425
0 0.2185 0.327 0.00675 0.068
0 0.34425 0.563 0.00875 0.3885
0 0.22775 0.5405 0.22425 0.00625
0 0.24475 0.56225 0.00675 0.03725
0 0.17675 0.6395 0.12225 0.00925
0 0.233 0.69625 0.01 0.1225
0 0.4825 0.69675 0.014 0.12125
0 0.493 0.56625 0.00675 0.13975
0 0.493 0.6815 0.00675 0.091
0 0.6255 0.72425 0.27175 0.00625
0 0.5695 0.16625 0.00675 0.122
0 0.50075 0.3205 0.086 0.00625
0 0.53925 0.30125 0.00875 0.04525