0 0.11325 0.384 0.0275 0.6515
0 0.48375 0.07075 0.768 0.02475
0 0.854 0.407 0.0275 0.69725
0 0.8565 0.855 0.0225 0.1995
0 0.6745 0.944 0.38675 0.0215
0 0.492 0.829 0.0215 0.2515
0 0.30125 0.7065 0.40275 0.00675
0 0.68525 0.7455 0.365 0.02
0 0.92425 0.72975 0.113 0.00625
0 0.97675 0.65625 0.008 0.15275
0 0.92425 0.58375 0.113 0.00775
0 0.92025 0.6115 0.105 0.00775
0 0.493 0.394 0.00475 0.622
0 0.358 0.6575 0.00475 0.091
0 0.423 0.6145 0.13475 0.00475
0 0.30875 0.23225 0.3635 0.00475
0 0.582 0.1605 0.00475 0.15475
0 0.71 0.234 0.26075 0.00825
0 0.71 0.15625 0.008 0.1465
0 0.64525 0.1645 0.12175 0.00525
0 0.65375 0.1985 0.0055 0.06275
0 0.65375 0.27075 0.0055 0.06525
0 0.63425 0.30075 0.04425 0.00525
0 0.615 0.36575 0.0055 0.13525
0 0.7015 0.431 0.17825 0.00525
0 0.78775 0.4435 0.0055 0.03025
0 0.81275 0.456 0.0555 0.00525
0 0.496 0.23225 0.01075 0.00475