0 0.8595 0.7775 0.13725 0.00625
0 0.7945 0.759 0.00725 0.04325
0 0.73325 0.74575 0.13 0.017
0 0.67175 0.68675 0.00725 0.13475
0 0.581 0.6285 0.1885 0.018
0 0.4905 0.67725 0.0075 0.1155
0 0.4665 0.72625 0.05575 0.018
0 0.44225 0.67725 0.0075 0.1155
0 0.375 0.6285 0.142 0.018
0 0.30775 0.642 0.0075 0.04525
0 0.22475 0.65525 0.17325 0.01875
0 0.14075 0.51175 0.0055 0.30575
0 0.082 0.3635 0.12375 0.009
0 0.0385 0.21775 0.03675 0.30075
0 0.18075 0.07925 0.2635 0.023
0 0.31025 0.076 0.00475 0.02925
0 0.49 0.073 0.3645 0.023
0 0.67075 0.0775 0.003 0.0325
0 0.79875 0.08225 0.25875 0.023
0 0.92325 0.4255 0.00975 0.71025
0 0.6725 0.18575 0.0065 0.18375
0 0.64675 0.27425 0.058 0.0065
0 0.619 0.1695 0.00275 0.21625
0 0.578 0.181 0.0025 0.19325
0 0.672 0.60025 0.0075 0.03875
0 0.6725 0.46 0.00725 0.24225
0 0.74125 0.58 0.13125 0.017
0 0.8 0.5615 0.01375 0.05375
0 0.8055 0.434 0.003 0.20125
0 0.80075 0.337 0.012 0.007
0 0.79925 0.35725 0.00925 0.048
0 0.794 0.36825 0.01975 0.026
0 0.79475 0.66275 0.007 0.149
0 0.66125 0.55725 0.015 0.00425
0 0.65475 0.5875 0.00175 0.064
0 0.8025 0.65275 0.0085 0.0065
0 0.80525 0.71525 0.00275 0.1315
0 0.712 0.49775 0.00275 0.1815
0 0.69125 0.50375 0.04425 0.0065
0 0.69125 0.4425 0.04425 0.0065
0 0.69275 0.514 0.00225 0.1495
0 0.70225 0.56525 0.01675 0.01225
0 0.699 0.34175 0.06025 0.00575
0 0.728 0.3535 0.0025 0.02925
0 0.6985 0.35875 0.0025 0.04
0 0.6845 0.376 0.031 0.00625
0 0.6845 0.3565 0.031 0.00625
0 0.66025 0.3605 0.01725 0.017
0 0.6195 0.36125 0.0645 0.00525
0 0.57325 0.3605 0.028 0.017
0 0.53075 0.36125 0.0565 0.00525
0 0.4895 0.3605 0.0265 0.017
0 0.449 0.36275 0.0545 0.00575
0 0.409 0.3605 0.0255 0.017
0 0.3565 0.36175 0.0795 0.00475
0 0.3145 0.35775 0.00475 0.0225
0 0.27725 0.36 0.0695 0.018
0 0.193 0.364 0.09875 0.01
0 0.14075 0.3425 0.00675 0.033
0 0.1425 0.19675 0.002 0.25875
0 0.2245 0.21825 0.0015 0.30125
0 0.2625 0.2705 0.0775 0.00525
0 0.3 0.17025 0.002 0.2055
0 0.32425 0.16625 0.002 0.21025
0 0.35075 0.269 0.05475 0.00475
0 0.31225 0.189 0.02625 0.00475
0 0.308 0.481 0.00825 0.277
0 0.4665 0.6285 0.04075 0.018
0 0.488 0.48575 0.00225 0.26775
0 0.5775 0.48575 0.00175 0.26775
0 0.36475 0.49825 0.00175 0.278
0 0.32325 0.46325 0.0225 0.00425
0 0.33375 0.41225 0.00175 0.106
0 0.32325 0.41625 0.0225 0.00425
0 0.24225 0.51675 0.00925 0.296
0 0.1925 0.58325 0.10875 0.00475
0 0.1785 0.62275 0.002 0.084
0 0.20875 0.62275 0.002 0.084
0 0.224 0.50775 0.002 0.1555
0 0.23025 0.432 0.015 0.00375