0 0.14275 0.4365 0.0145 0.6945
0 0.41825 0.771 0.56525 0.02525
0 0.696 0.4365 0.00925 0.6945
0 0.788 0.097 0.193 0.0155
0 0.87925 0.436 0.01075 0.6945
0 0.79275 0.77425 0.18375 0.0195
0 0.788 0.31425 0.193 0.00725
0 0.306 0.4365 0.00425 0.6945
0 0.39225 0.63275 0.17725 0.00725
0 0.47875 0.7065 0.00425 0.15475
0 0.4065 0.7065 0.00425 0.15475
0 0.37825 0.48075 0.00425 0.05125
0 0.42625 0.4585 0.1 0.00725
0 0.48775 0.4915 0.023 0.0725
0 0.65425 0.10025 0.0925 0.022
0 0.65225 0.4585 0.09675 0.00725
0 0.606 0.287 0.00425 0.35125
0 0.563 0.104 0.08975 0.02925
0 0.32675 0.10025 0.3825 0.022
0 0.51075 0.4585 0.023 0.00725
0 0.561 0.4585 0.086 0.00725
0 0.52 0.276 0.00425 0.37325
0 0.563 0.30925 0.08975 0.00725
0 0.17675 0.50325 0.08225 0.00725
0 0.216 0.4565 0.00425 0.101
0 0.21325 0.4095 0.00925 0.00725
0 0.15975 0.4095 0.04825 0.00725
0 0.30025 0.8215 0.015 0.07575