0 0.7877629065 0.08035714299999999 0.7877629065 0.0229591835 0.21032504800000001 0.0229591835 0.21032504800000001 0.08035714299999999 0.7877629065 0.08035714299999999
0 0.7887189295 0.2895408165 0.7887189295 0.024234694 0.7638623325 0.024234694 0.7638623325 0.2895408165 0.7887189295 0.2895408165
0 0.706500956 0.3839285715 0.7887189295 0.3839285715 0.7887189295 0.2895408165 0.706500956 0.2895408165 0.706500956 0.3839285715
0 0.7657743785 0.581632653 0.7887189295 0.581632653 0.7887189295 0.3839285715 0.7657743785 0.3839285715 0.7657743785 0.581632653
0 0.7887189295 0.7028061225 0.7887189295 0.568877551 0.7734225619999999 0.568877551 0.7734225619999999 0.7028061225 0.7887189295 0.7028061225
0 0.7543021035 0.769132653 0.7887189295 0.769132653 0.7887189295 0.7028061225 0.7543021035 0.7028061225 0.7543021035 0.769132653
0 0.7887189295 0.767857143 0.7887189295 0.74872449 0.4369024855 0.74872449 0.4369024855 0.767857143 0.7887189295 0.767857143
0 0.4369024855 0.767857143 0.4369024855 0.738520408 0.21032504800000001 0.738520408 0.21032504800000001 0.767857143 0.4369024855 0.767857143
0 0.224665392 0.769132653 0.224665392 0.024234694 0.21032504800000001 0.024234694 0.21032504800000001 0.769132653 0.224665392 0.769132653
0 0.42543021049999996 0.75 0.4369024855 0.75 0.4369024855 0.568877551 0.42543021049999996 0.568877551 0.42543021049999996 0.75
0 0.54875717 0.5829081635 0.5602294455 0.5829081635 0.5602294455 0.081632653 0.54875717 0.081632653 0.54875717 0.5829081635
0 0.547801147 0.581632653 0.7887189295 0.580357143 0.7877629065 0.567602041 0.547801147 0.570153061 0.547801147 0.581632653
0 0.6510516249999999 0.75 0.6615678775 0.75 0.6615678775 0.570153061 0.6510516249999999 0.570153061 0.6510516249999999 0.75
0 0.7887189295 0.3839285715 0.7887189295 0.369897959 0.5602294455 0.369897959 0.5602294455 0.3839285715 0.7887189295 0.3839285715