0 0.0273368605 0.62716763 0.0273368605 0.6522157995 0.28659612 0.6522157995 0.28659612 0.62716763 0.0273368605 0.62716763
0 0.0273368605 0.014450867000000001 0.0273368605 0.6522157995 0.0511463845 0.6522157995 0.0511463845 0.014450867000000001 0.0273368605 0.014450867000000001
0 0.0273368605 0.014450867000000001 0.0273368605 0.040462427499999995 0.9664903 0.040462427499999995 0.9664903 0.014450867000000001 0.0273368605 0.014450867000000001
0 0.94356261 0.014450867000000001 0.94356261 0.4402697495 0.9664903 0.4402697495 0.9664903 0.014450867000000001 0.94356261 0.014450867000000001
0 0.5520282185 0.41522158000000003 0.5520282185 0.4402697495 0.9664903 0.4402697495 0.9664903 0.41522158000000003 0.5520282185 0.41522158000000003
0 0.5520282185 0.41522158000000003 0.5520282185 0.9807321775000001 0.5758377425 0.9807321775000001 0.5758377425 0.41522158000000003 0.5520282185 0.41522158000000003
0 0.38712522050000003 0.9547206165 0.38712522050000003 0.9807321775000001 0.5758377425 0.9807321775000001 0.5758377425 0.9547206165 0.38712522050000003 0.9547206165
0 0.38712522050000003 0.7138728325 0.38712522050000003 0.979768786 0.4109347445 0.979768786 0.4109347445 0.7138728325 0.38712522050000003 0.7138728325
0 0.261904762 0.7138728325 0.261904762 0.7398843930000001 0.41005291 0.7398843930000001 0.41005291 0.7138728325 0.261904762 0.7138728325
0 0.262786596 0.62716763 0.262786596 0.7408477840000001 0.28659612 0.7408477840000001 0.28659612 0.62716763 0.262786596 0.62716763
0 0.28659612 0.564547206 0.27689594349999996 0.564547206 0.27689594349999996 0.6522157995 0.28659612 0.6522157995 0.28659612 0.564547206
0 0.27689594349999996 0.564547206 0.27689594349999996 0.5751445085 0.4109347445 0.5751445085 0.4109347445 0.564547206 0.27689594349999996 0.564547206
0 0.401234568 0.564547206 0.401234568 0.7408477840000001 0.4109347445 0.7408477840000001 0.4109347445 0.564547206 0.401234568 0.564547206
0 0.4003527335 0.014450867000000001 0.4003527335 0.42774566449999996 0.4118165785 0.42774566449999996 0.4118165785 0.014450867000000001 0.4003527335 0.014450867000000001
0 0.0273368605 0.417148362 0.0273368605 0.428709056 0.4109347445 0.428709056 0.4109347445 0.417148362 0.0273368605 0.417148362
0 0.5634920634999999 0.014450867000000001 0.5537918869999999 0.014450867000000001 0.5537918869999999 0.11560693650000001 0.5634920634999999 0.11560693650000001 0.5634920634999999 0.014450867000000001