0 0.189 0.25875 0.23675 0.0415
0 0.2845 0.157 0.04525 0.24475
0 0.93025 0.47975 0.0495 0.88925
0 0.083 0.80925 0.02475 0.23125
0 0.0795 0.46575 0.018 0.4555
0 0.29025 0.697 0.4035 0.00725
0 0.28125 0.91125 0.42125 0.026
0 0.4885 0.79875 0.00675 0.2105
0 0.69275 0.81 0.0155 0.2295
0 0.6625 0.7035 0.076 0.01625
0 0.62775 0.37225 0.00675 0.67875
0 0.82775 0.91125 0.25475 0.026
0 0.59625 0.9145 0.2085 0.01975
0 0.78975 0.47925 0.33075 0.00725
0 0.05725 0.25825 0.0265 0.0405
0 0.05175 0.16375 0.0155 0.2285
0 0.6085 0.05975 0.69325 0.0505
0 0.22525 0.80925 0.01025 0.23125
0 0.429 0.7215 0.112 0.04225