0 0.9791798105 0.105029586 0.9791798105 0.08727810650000001 0.062460568 0.08727810650000001 0.062460568 0.105029586 0.9791798105 0.105029586
0 0.9791798105 0.8609467455 0.9791798105 0.08727810650000001 0.964037855 0.08727810650000001 0.964037855 0.8609467455 0.9791798105 0.8609467455
0 0.9791798105 0.8609467455 0.9791798105 0.8431952665 0.7324921135 0.8431952665 0.7324921135 0.8609467455 0.9791798105 0.8609467455
0 0.7476340695 0.8609467455 0.7476340695 0.7995562129999999 0.7324921135 0.7995562129999999 0.7324921135 0.8609467455 0.7476340695 0.8609467455
0 0.7476340695 0.8165680475 0.7476340695 0.798816568 0.6157728705 0.798816568 0.6157728705 0.8165680475 0.7476340695 0.8165680475
0 0.6309148265 0.8653846155 0.6309148265 0.7995562129999999 0.6157728705 0.7995562129999999 0.6157728705 0.8653846155 0.6309148265 0.8653846155
0 0.6309148265 0.8653846155 0.6309148265 0.847633136 0.062460568 0.847633136 0.062460568 0.8653846155 0.6309148265 0.8653846155
0 0.0776025235 0.8653846155 0.0776025235 0.08727810650000001 0.062460568 0.08727810650000001 0.062460568 0.8653846155 0.0776025235 0.8653846155
0 0.2637223975 0.4149408285 0.27318612000000003 0.4149408285 0.27318612000000003 0.08727810650000001 0.2637223975 0.08727810650000001 0.2637223975 0.4149408285
0 0.062460568 0.43269230750000004 0.27318612000000003 0.43269230750000004 0.27318612000000003 0.4149408285 0.062460568 0.4149408285 0.062460568 0.43269230750000004
0 0.1766561515 0.4149408285 0.18548895899999998 0.4149408285 0.18548895899999998 0.08727810650000001 0.1766561515 0.08727810650000001 0.1766561515 0.4149408285
0 0.1766561515 0.2344674555 0.27318612000000003 0.2344674555 0.27318612000000003 0.221893491 0.1766561515 0.221893491 0.1766561515 0.2344674555
0 0.7394321764999999 0.7995562129999999 0.7476340695 0.7995562129999999 0.7476340695 0.08727810650000001 0.7394321764999999 0.08727810650000001 0.7394321764999999 0.7995562129999999
0 0.7394321764999999 0.39201183450000004 0.9791798105 0.39201183450000004 0.9791798105 0.3823964495 0.7394321764999999 0.3823964495 0.7394321764999999 0.39201183450000004
0 0.738801262 0.605769231 0.8643533125 0.605769231 0.8643533125 0.598372781 0.738801262 0.598372781 0.738801262 0.605769231
0 0.8643533125 0.646449704 0.8643533125 0.598372781 0.858044164 0.598372781 0.858044164 0.646449704 0.8643533125 0.646449704
0 0.9791798105 0.646449704 0.9791798105 0.6390532545 0.858675079 0.6390532545 0.858675079 0.646449704 0.9791798105 0.646449704
0 0.2637223975 0.525147929 0.5129337540000001 0.525147929 0.5129337540000001 0.5147928995 0.2637223975 0.5147928995 0.2637223975 0.525147929
0 0.5129337540000001 0.555473373 0.5129337540000001 0.5140532545 0.501577287 0.5140532545 0.501577287 0.555473373 0.5129337540000001 0.555473373
0 0.625236593 0.556213018 0.625236593 0.545118343 0.501577287 0.545118343 0.501577287 0.556213018 0.625236593 0.556213018
0 0.360252366 0.703402367 0.37034700299999995 0.703402367 0.37034700299999995 0.5147928995 0.360252366 0.5147928995 0.360252366 0.703402367
0 0.6195583595 0.703402367 0.6195583595 0.6915680475 0.360252366 0.6915680475 0.360252366 0.703402367 0.6195583595 0.703402367
0 0.7476340695 0.7426035504999999 0.7476340695 0.730769231 0.6157728705 0.730769231 0.6157728705 0.7426035504999999 0.7476340695 0.7426035504999999
0 0.6157728705 0.7995562129999999 0.624605678 0.7995562129999999 0.624605678 0.5147928995 0.6157728705 0.5147928995 0.6157728705 0.7995562129999999
0 0.7476340695 0.525147929 0.7476340695 0.5140532545 0.6157728705 0.5140532545 0.6157728705 0.525147929 0.7476340695 0.525147929
0 0.4347003155 0.8653846155 0.443533123 0.8653846155 0.443533123 0.321745562 0.4347003155 0.321745562 0.4347003155 0.8653846155
0 0.360252366 0.556213018 0.501577287 0.556213018 0.501577287 0.5184911244999999 0.360252366 0.5184911244999999 0.360252366 0.556213018
0 0.548264984 0.703402367 0.557097792 0.703402367 0.557097792 0.556213018 0.548264984 0.556213018 0.548264984 0.703402367
0 0.2637223975 0.7056213020000001 0.3104100945 0.7056213020000001 0.3104100945 0.6982248520000001 0.2637223975 0.6982248520000001 0.2637223975 0.7056213020000001
0 0.257413249 0.8653846155 0.272555205 0.8653846155 0.272555205 0.431213018 0.257413249 0.431213018 0.257413249 0.8653846155