0 0.557 0.193 0.785 0.0245
0 0.94075 0.5075 0.0175 0.6545
0 0.557 0.82375 0.785 0.02175
0 0.173 0.5075 0.01675 0.6545
0 0.54 0.6875 0.005 0.29475
0 0.773 0.5075 0.005 0.6545
0 0.85975 0.47 0.17925 0.0065
0 0.41475 0.6825 0.00425 0.305
0 0.34875 0.53425 0.13625 0.008
0 0.283 0.6825 0.005 0.305
0 0.28325 0.4765 0.005 0.10775
0 0.22525 0.426 0.12125 0.0065
0 0.33475 0.42625 0.09825 0.0065
0 0.38125 0.30175 0.005 0.242
0 0.463 0.42625 0.1585 0.0065
0 0.54 0.305 0.005 0.2485
0 0.225 0.5445 0.12125 0.013
0 0.225 0.68025 0.12125 0.0065
0 0.0665 0.65025 0.0755 0.2225
0 0.13925 0.5675 0.08425 0.05625
0 0.0995 0.792 0.14175 0.08525
0 0.29925 0.7615 0.0375 0.01375