0 0.4995 0.14775 0.83775 0.016
0 0.903 0.3045 0.03175 0.3295
0 0.903 0.671 0.03175 0.4035
0 0.7515 0.866 0.335 0.013
0 0.58975 0.79925 0.0125 0.1465
0 0.513 0.7305 0.166 0.00875
0 0.43575 0.799 0.0125 0.14575
0 0.261 0.86575 0.36175 0.013
0 0.0945 0.50625 0.02875 0.73225
0 0.59075 0.68425 0.0105 0.0835
0 0.6205 0.64625 0.07 0.00725
0 0.64975 0.6195 0.0105 0.061
0 0.78175 0.5925 0.2745 0.008
0 0.64975 0.52875 0.0105 0.1205
0 0.78175 0.4745 0.2745 0.01225
0 0.43525 0.515 0.0115 0.42225
0 0.43225 0.1695 0.01825 0.05875
0 0.2605 0.474 0.36075 0.0115
0 0.2605 0.578 0.36075 0.008
0 0.4495 0.474 0.01625 0.0115
0 0.6055 0.47425 0.09975 0.0115
0 0.095 0.103 0.02875 0.10525
0 0.9035 0.095 0.01825 0.08925