0 0.44825 0.91075 0.83775 0.02275
0 0.03975 0.49025 0.0195 0.864
0 0.44825 0.07375 0.83775 0.031
0 0.216 0.7995 0.012 0.24525
0 0.23675 0.68825 0.05325 0.02175
0 0.5365 0.6825 0.54625 0.01025
0 0.852 0.49025 0.0305 0.864
0 0.8385 0.70625 0.05775 0.05775
0 0.83625 0.34375 0.062 0.02275
0 0.536 0.349 0.53875 0.01125
0 0.23825 0.34325 0.0565 0.02375
0 0.37975 0.20675 0.011 0.297
0 0.20725 0.24075 0.35575 0.00925
0 0.215 0.097 0.0545 0.07725
0 0.192 0.19075 0.0075 0.10925
0 0.388 0.714 0.03475 0.07325
0 0.3755 0.796 0.00975 0.08975
0 0.3875 0.8815 0.03375 0.0815
0 0.90375 0.67875 0.073 0.01025