0 0.061871616500000004 0.089569161 0.061871616500000004 0.1167800455 0.8391337975000001 0.1167800455 0.8391337975000001 0.089569161 0.061871616500000004 0.089569161
0 0.8213457075 0.090702948 0.8213457075 0.8412698415 0.8399071924999999 0.8412698415 0.8399071924999999 0.090702948 0.8213457075 0.090702948
0 0.4462490335 0.815192744 0.4462490335 0.8412698415 0.8399071924999999 0.8412698415 0.8399071924999999 0.815192744 0.4462490335 0.815192744
0 0.4462490335 0.49433106600000004 0.4462490335 0.8412698415 0.464037123 0.8412698415 0.464037123 0.49433106600000004 0.4462490335 0.49433106600000004
0 0.061871616500000004 0.49433106600000004 0.061871616500000004 0.5204081635 0.46326372800000004 0.5204081635 0.46326372800000004 0.49433106600000004 0.061871616500000004 0.49433106600000004
0 0.061098221 0.090702948 0.061098221 0.5192743765 0.078886311 0.5192743765 0.078886311 0.090702948 0.061098221 0.090702948
0 0.46326372800000004 0.49433106600000004 0.46326372800000004 0.506802721 0.8391337975000001 0.506802721 0.8391337975000001 0.49433106600000004 0.46326372800000004 0.49433106600000004
0 0.33874709999999997 0.089569161 0.30703789649999996 0.089569161 0.30703789649999996 0.27777777800000003 0.33874709999999997 0.27777777800000003 0.33874709999999997 0.089569161
0 0.316318639 0.2789115645 0.30703789649999996 0.2789115645 0.30703789649999996 0.5204081635 0.316318639 0.5204081635 0.316318639 0.2789115645
0 0.464037123 0.336734694 0.30703789649999996 0.336734694 0.30703789649999996 0.35034013599999997 0.464037123 0.35034013599999997 0.464037123 0.336734694
0 0.4547563805 0.090702948 0.4547563805 0.35034013599999997 0.464037123 0.35034013599999997 0.464037123 0.090702948 0.4547563805 0.090702948