0 0.443 0.17125 0.698 0.01575
0 0.78275 0.43375 0.0185 0.54075
0 0.59575 0.69625 0.39225 0.01575
0 0.40875 0.7365 0.0185 0.096
0 0.25525 0.7765 0.32575 0.01575
0 0.10225 0.474 0.02 0.621
0 0.503 0.3 0.01 0.242
0 0.63575 0.41675 0.27575 0.0085
0 0.6145 0.5045 0.01 0.16775
0 0.6915 0.58425 0.164 0.0085
0 0.651 0.6385 0.01 0.1005
0 0.6045 0.58425 0.03 0.0085
0 0.567 0.604 0.05275 0.04825
0 0.54475 0.65425 0.00925 0.06925
0 0.472 0.624 0.14475 0.0085
0 0.4045 0.65425 0.01 0.06925
0 0.4045 0.591 0.01 0.07425
0 0.2605 0.558 0.298 0.0085
0 0.76475 0.39275 0.02 0.03925
0 0.39425 0.53425 0.03075 0.03925
0 0.402 0.43025 0.01 0.0475
0 0.356 0.41075 0.102 0.0085