0 0.217 0.972 0.42325 0.0285
0 0.01275 0.49875 0.01475 0.97475
0 0.43125 0.02575 0.85225 0.0285
0 0.84975 0.2495 0.01475 0.476
0 0.63525 0.473 0.44325 0.0285
0 0.421 0.7225 0.01475 0.5275
0 0.1565 0.40325 0.302 0.01375
0 0.30375 0.69175 0.007 0.5905
0 0.15375 0.8735 0.007 0.2255
0 0.22875 0.76775 0.15725 0.01375
0 0.26225 0.20375 0.007 0.3855
0 0.33975 0.24325 0.162 0.01375
0 0.41725 0.1305 0.007 0.23925
0 0.41725 0.41825 0.007 0.08
0 0.24 0.075 0.0375 0.06975
0 0.90575 0.01825 0.09675 0.01375
0 0.9505 0.02225 0.007 0.023
0 0.9505 0.4765 0.007 0.02175
0 0.90575 0.4805 0.09675 0.01375
0 0.21275 0.93075 0.02125 0.05375