0 0.507 0.77825 0.8995 0.0185
0 0.9515 0.6945 0.028 0.1715
0 0.95025 0.25725 0.03025 0.18825
0 0.511 0.1725 0.90775 0.0185
0 0.073 0.47525 0.0315 0.624
0 0.948 0.83675 0.0175 0.1355
0 0.77975 0.897 0.354 0.01525
0 0.6175 0.846 0.02925 0.117
0 0.708 0.56025 0.01175 0.418
0 0.82175 0.356 0.21725 0.0095
0 0.6315 0.3545 0.16475 0.00675
0 0.556 0.441 0.014 0.17975
0 0.6255 0.5275 0.153 0.00675
0 0.556 0.2605 0.014 0.1945
0 0.82175 0.4535 0.21725 0.01
0 0.7185 0.408 0.00925 0.10075
0 0.6325 0.43875 0.139 0.00625
0 0.82175 0.60475 0.21725 0.00775
0 0.4625 0.69125 0.014 0.15525
0 0.271 0.617 0.39725 0.00675
0 0.952 0.1145 0.02675 0.0975
0 0.0725 0.11425 0.02925 0.098
0 0.299 0.47775 0.2115 0.005
0 0.948 0.48 0.035 0.25775