0 0.45575 0.94275 0.723 0.01425
0 0.81 0.63225 0.01475 0.6355
0 0.5885 0.327 0.4575 0.02525
0 0.24075 0.32325 0.29275 0.0375
0 0.3195 0.576 0.07825 0.011
0 0.35425 0.543 0.009 0.077
0 0.19175 0.707 0.19525 0.011
0 0.10275 0.43825 0.017 0.26875
0 0.285 0.826 0.009 0.24775
0 0.285 0.6415 0.009 0.142
0 0.105 0.6425 0.0215 0.13975
0 0.10275 0.831 0.017 0.238
0 0.53925 0.891 0.009 0.11775
0 0.52775 0.936 0.0135 0.0275
0 0.3735 0.34025 0.02725 0.05075
0 0.81 0.21025 0.01475 0.20825
0 0.18725 0.57775 0.18625 0.01425
0 0.14525 0.5535 0.068 0.03525