0 0.45675 0.6345 0.42075 0.0145
0 0.796 0.633 0.258 0.0115
0 0.9135 0.4045 0.0235 0.46825
0 0.58575 0.17725 0.67875 0.0145
0 0.261 0.2195 0.0285 0.099
0 0.171 0.26125 0.20875 0.01475
0 0.0805 0.32125 0.02775 0.1345
0 0.261 0.314 0.0285 0.119
0 0.261 0.50775 0.0285 0.26825
0 0.171 0.381 0.20875 0.01525
0 0.40125 0.51275 0.309 0.00375
0 0.552 0.57625 0.00775 0.13075
0 0.6195 0.309 0.00775 0.27775
0 0.67575 0.44575 0.12025 0.00375
0 0.732 0.5415 0.00775 0.195
0 0.63725 0.31525 0.0425 0.00375
0 0.732 0.4155 0.00775 0.057
0 0.8265 0.39 0.1965 0.006
0 0.73425 0.35 0.012 0.074
0 0.678 0.37825 0.12475 0.00375
0 0.8265 0.31625 0.1965 0.00625
0 0.7285 0.31525 0.0235 0.00375
0 0.8265 0.505 0.1965 0.00375
0 0.91375 0.68425 0.00875 0.09125
0 0.78575 0.72475 0.265 0.0105
0 0.6645 0.6785 0.0225 0.10275
0 0.25975 0.13925 0.026 0.0895
0 0.912 0.13225 0.026 0.076
0 0.4315 0.40775 0.15675 0.00425
0 0.913 0.85075 0.0105 0.2415