0 0.1559778305 0.826755853 0.1559778305 0.8448160535 0.597783056 0.8448160535 0.597783056 0.826755853 0.1559778305 0.826755853
0 0.5312747425 0.8013377924999999 0.5312747425 0.844147157 0.5969912905 0.844147157 0.5969912905 0.8013377924999999 0.5312747425 0.8013377924999999
0 0.597783056 0.576588629 0.580364212 0.576588629 0.580364212 0.802006689 0.597783056 0.802006689 0.597783056 0.576588629
0 0.5795724465 0.576588629 0.5795724465 0.591304348 0.8804433890000001 0.591304348 0.8804433890000001 0.576588629 0.5795724465 0.576588629
0 0.8400633415 0.525083612 0.8400633415 0.591304348 0.8812351545 0.591304348 0.8812351545 0.525083612 0.8400633415 0.525083612
0 0.8812351545 0.2488294315 0.8653998414999999 0.2488294315 0.8653998414999999 0.525083612 0.8812351545 0.525083612 0.8812351545 0.2488294315
0 0.1559778305 0.24816053500000002 0.1559778305 0.26555183950000005 0.8804433890000001 0.26555183950000005 0.8804433890000001 0.24816053500000002 0.1559778305 0.24816053500000002
0 0.1559778305 0.2488294315 0.1559778305 0.8448160535 0.1733966745 0.8448160535 0.1733966745 0.2488294315 0.1559778305 0.2488294315
0 0.1733966745 0.102341137 0.1559778305 0.102341137 0.1559778305 0.24816053500000002 0.1733966745 0.24816053500000002 0.1733966745 0.102341137
0 0.690419636 0.38394648849999996 0.6825019794999999 0.38394648849999996 0.6825019794999999 0.591304348 0.690419636 0.591304348 0.690419636 0.38394648849999996
0 0.6825019794999999 0.38394648849999996 0.6825019794999999 0.3906354515 0.8812351545 0.3906354515 0.8812351545 0.38394648849999996 0.6825019794999999 0.38394648849999996
0 0.746634996 0.2488294315 0.729216152 0.2488294315 0.729216152 0.3906354515 0.746634996 0.3906354515 0.746634996 0.2488294315
0 0.45764053849999997 0.502341137 0.45764053849999997 0.5090301005 0.68962787 0.5090301005 0.68962787 0.502341137 0.45764053849999997 0.502341137
0 0.458432304 0.2488294315 0.458432304 0.5096989965000001 0.4663499605 0.5096989965000001 0.4663499605 0.2488294315 0.458432304 0.2488294315
0 0.4156769595 0.684949833 0.4156769595 0.691638796 0.5969912905 0.691638796 0.5969912905 0.684949833 0.4156769595 0.684949833
0 0.4164687255 0.684949833 0.4164687255 0.8448160535 0.4243863815 0.8448160535 0.4243863815 0.684949833 0.4164687255 0.684949833
0 0.4164687255 0.684949833 0.368962787 0.684949833 0.368962787 0.691638796 0.4164687255 0.691638796 0.4164687255 0.684949833
0 0.5312747425 0.576588629 0.5312747425 0.5832775920000001 0.5795724465 0.5832775920000001 0.5795724465 0.576588629 0.5312747425 0.576588629
0 0.1559778305 0.6260869565 0.1559778305 0.6327759195 0.220902613 0.6327759195 0.220902613 0.6260869565 0.1559778305 0.6260869565