0 0.44375 0.083 0.85025 0.04925
0 0.11625 0.44125 0.1935 0.013
0 0.283 0.51075 0.1585 0.01175
0 0.1905 0.88325 0.34375 0.0505
0 0.4385 0.8885 0.15025 0.035
0 0.56925 0.921 0.16475 0.0325
0 0.71175 0.73075 0.16775 0.03625
0 0.893 0.72625 0.1885 0.02475
0 0.56575 0.7185 0.1245 0.01425
0 0.6645 0.48875 0.35525 0.01175
0 0.9085 0.4115 0.1535 0.04675
0 0.96825 0.57175 0.038 0.27375
0 0.836 0.4595 0.01225 0.04925
0 0.84925 0.248 0.039 0.28025
0 0.0365 0.2705 0.038 0.3285
0 0.209 0.4795 0.01025 0.05575
0 0.3655 0.46475 0.02875 0.065
0 0.0375 0.65425 0.038 0.41025
0 0.35775 0.6885 0.01125 0.33625
0 0.5065 0.6035 0.01025 0.218
0 0.509 0.799 0.0135 0.13625
0 0.63925 0.82625 0.02275 0.1545