0 0.18741903099999999 0.2133501015 0.18741903099999999 0.2280518205 0.261047259 0.2277517855 0.261047259 0.2124499955 0.18741903099999999 0.2133501015
0 0.2608702765 0.2251776235 0.268087507 0.2251776235 0.2682163855 0.1773046125 0.260862597 0.17705627699999998 0.2608702765 0.2251776235
0 0.5882521154999999 0.1774361145 0.9985669319999999 0.1772347275 0.9985669319999999 0.16054621449999998 0.08683445349999999 0.1600523225 0.08683445349999999 0.177165065 0.5882521154999999 0.1774361145
0 0.81726004 0.2269585695 0.8980495525 0.2277435085 0.89786254 0.21204471849999998 0.817073028 0.21086730950000002 0.81726004 0.2269585695
0 0.6514667455 0.388877091 0.652223993 0.5984784240000001 0.6586720785 0.5984784240000001 0.658503635 0.388586896 0.6514667455 0.388877091
0 0.652223993 0.6193916970000001 0.705450069 0.618681974 0.705450069 0.5998001755 0.6519530815000001 0.599289857 0.652223993 0.6193916970000001
0 0.0905 0.29725 0.0095 0.23875
0 0.0905 0.65375 0.0095 0.44725
0 0.54275 0.88725 0.914 0.01975
0 0.99475 0.653 0.0075 0.4485
0 0.99475 0.2965 0.0075 0.238
0 0.89475 0.19475 0.0065 0.03425
0 0.89475 0.3205 0.006 0.18475
0 0.852 0.4225 0.29325 0.014
0 0.70975 0.29725 0.00875 0.23625
0 0.71 0.65375 0.00925 0.44725
0 0.6825 0.3935 0.04675 0.00625
0 0.3755 0.2965 0.009 0.23675
0 0.3755 0.65325 0.0095 0.446
0 0.233 0.42225 0.295 0.01575
0 0.19075 0.1955 0.00675 0.036
0 0.1905 0.32125 0.0065 0.186