0 0.401 0.08125 0.45425 0.02025
0 0.68425 0.08125 0.11325 0.02025
0 0.85075 0.08125 0.219 0.02025
0 0.95225 0.483 0.01625 0.8235
0 0.7365 0.88525 0.4475 0.019
0 0.5185 0.71175 0.01225 0.36575
0 0.34875 0.54025 0.35175 0.02275
0 0.1825 0.3115 0.0195 0.4805
0 0.81075 0.49875 0.29925 0.019
0 0.66375 0.69175 0.0055 0.40475
0 0.744 0.2895 0.0055 0.4375
0 0.52125 0.215 0.0055 0.28875
0 0.63275 0.35425 0.22775 0.01
0 0.6305 0.21575 0.0055 0.2875
0 0.1205 0.08 0.1065 0.01775
0 0.12 0.543 0.10575 0.01775
0 0.7655 0.118 0.0425 0.09325