0 0.224 0.168 0.35 0.01425
0 0.464 0.173 0.12925 0.02425
0 0.683 0.16875 0.30775 0.016
0 0.8265 0.3275 0.02025 0.33425
0 0.62875 0.487 0.41675 0.015
0 0.4255 0.66825 0.0105 0.37775
0 0.33925 0.85 0.183 0.0135
0 0.22725 0.837 0.04125 0.03925
0 0.12725 0.85 0.158 0.0135
0 0.0585 0.50875 0.02025 0.696
0 0.31225 0.67325 0.006 0.38775
0 0.182 0.487 0.2665 0.015
0 0.182 0.757 0.2665 0.0075
0 0.20875 0.80525 0.0045 0.10375
0 0.52325 0.257 0.011 0.19275
0 0.464 0.3455 0.12925 0.015
0 0.40525 0.257 0.01175 0.19275
0 0.40275 0.36775 0.0065 0.05875
0 0.34725 0.39275 0.1175 0.0085
0 0.29125 0.312 0.006 0.17075
0 0.28125 0.1935 0.0255 0.06625
0 0.898 0.16825 0.12275 0.015
0 0.8985 0.487 0.1235 0.015