0 0.985141159 0.928 0.985141159 0.905777778 0.011887073 0.905777778 0.011887073 0.928 0.985141159 0.928
0 0.985141159 0.928 0.985141159 0.182222222 0.9479940565 0.182222222 0.9479940565 0.928 0.985141159 0.928
0 0.985141159 0.20444444450000002 0.985141159 0.182222222 0.013372957 0.182222222 0.013372957 0.20444444450000002 0.985141159 0.20444444450000002
0 0.049034175500000006 0.928 0.0505200595 0.182222222 0.013372957 0.1813333335 0.011887073 0.928 0.049034175500000006 0.928
0 0.424962853 0.505777778 0.441307578 0.505777778 0.441307578 0.360888889 0.424962853 0.360888889 0.424962853 0.505777778
0 0.4903417535 0.905777778 0.5066864785 0.905777778 0.5066864785 0.583111111 0.4903417535 0.583111111 0.4903417535 0.905777778
0 0.7741456164999999 0.5928888889999999 0.985141159 0.5928888889999999 0.985141159 0.583111111 0.7741456164999999 0.583111111 0.7741456164999999 0.5928888889999999
0 0.013372957 0.505777778 0.27934621099999996 0.505777778 0.27934621099999996 0.494222222 0.013372957 0.494222222 0.013372957 0.505777778
0 0.27934621099999996 0.9271111110000001 0.27934621099999996 0.494222222 0.2585438335 0.494222222 0.2585438335 0.9271111110000001 0.27934621099999996 0.9271111110000001
0 0.013372957 0.6026666665 0.27934621099999996 0.6026666665 0.27934621099999996 0.5928888889999999 0.013372957 0.5928888889999999 0.013372957 0.6026666665
0 0.011887073 0.7991111110000001 0.27934621099999996 0.7991111110000001 0.27934621099999996 0.7893333335 0.011887073 0.7893333335 0.011887073 0.7991111110000001
0 0.5052005945 0.830222222 0.5052005945 0.8204444445 0.2585438335 0.8204444445 0.2585438335 0.830222222 0.5052005945 0.830222222