0 0.107204861 0.8799091204999999 0.107204861 0.640051931 0.09461805549999999 0.640051931 0.09461805549999999 0.8799091204999999 0.107204861 0.8799091204999999
0 0.454861111 0.64784161 0.454861111 0.640051931 0.09461805549999999 0.640051931 0.09461805549999999 0.64784161 0.454861111 0.64784161
0 0.454861111 0.8799091204999999 0.454861111 0.640051931 0.4444444445 0.640051931 0.4444444445 0.8799091204999999 0.454861111 0.8799091204999999
0 0.4383680555 0.9665692954999999 0.4383680555 0.8721194415 0.427951389 0.8721194415 0.427951389 0.9665692954999999 0.4383680555 0.9665692954999999
0 0.4383680555 0.9665692954999999 0.4383680555 0.958779617 0.2565104165 0.958779617 0.2565104165 0.9665692954999999 0.4383680555 0.9665692954999999
0 0.2669270835 0.9665692954999999 0.2669270835 0.8721194415 0.2565104165 0.8721194415 0.2565104165 0.9665692954999999 0.2669270835 0.9665692954999999
0 0.2669270835 0.8799091204999999 0.2669270835 0.8721194415 0.09461805549999999 0.8721194415 0.09461805549999999 0.8799091204999999 0.2669270835 0.8799091204999999
0 0.454861111 0.8799091204999999 0.454861111 0.8721194415 0.427951389 0.8721194415 0.427951389 0.8799091204999999 0.454861111 0.8799091204999999
0 0.2565104165 0.8799091204999999 0.4383680555 0.8799091204999999 0.4383680555 0.8721194415 0.2565104165 0.8721194415 0.2565104165 0.8799091204999999
0 0.09461805549999999 0.7562479714999999 0.2734375 0.7562479714999999 0.2734375 0.7500811425 0.09461805549999999 0.7500811425 0.09461805549999999 0.7562479714999999
0 0.24392361099999998 0.7779941575 0.2803819445 0.7708536189999999 0.27300347199999997 0.7500811425 0.2369791665 0.7568971115 0.24392361099999998 0.7779941575
0 0.3585069445 0.7779941575 0.3585069445 0.7724764685 0.24435763900000002 0.7724764685 0.24435763900000002 0.7779941575 0.3585069445 0.7779941575
0 0.3585069445 0.7779941575 0.3585069445 0.722168127 0.35112847199999997 0.722168127 0.35112847199999997 0.7779941575 0.3585069445 0.7779941575
0 0.3585069445 0.7276858165 0.3585069445 0.722168127 0.2890625 0.722168127 0.2890625 0.7276858165 0.3585069445 0.7276858165
0 0.2955729165 0.7497565724999999 0.2955729165 0.722168127 0.2890625 0.722168127 0.2890625 0.7497565724999999 0.2955729165 0.7497565724999999
0 0.2452256945 0.7500811425 0.2955729165 0.7497565724999999 0.295138889 0.7442388835 0.2447916665 0.7445634535000001 0.2452256945 0.7500811425
0 0.24392361099999998 0.7854592665 0.2721354165 0.7854592665 0.2721354165 0.7721518985 0.24392361099999998 0.7721518985 0.24392361099999998 0.7854592665
0 0.2890625 0.722168127 0.29644097199999997 0.722168127 0.29644097199999997 0.640051931 0.2890625 0.640051931 0.2890625 0.722168127
0 0.184027778 0.7562479714999999 0.190972222 0.7562479714999999 0.190972222 0.640051931 0.184027778 0.640051931 0.184027778 0.7562479714999999
0 0.369357639 0.676079195 0.3763020835 0.676079195 0.3763020835 0.640051931 0.369357639 0.640051931 0.369357639 0.676079195
0 0.2491319445 0.64784161 0.259982639 0.64784161 0.259982639 0.5907172995 0.2491319445 0.5907172995 0.2491319445 0.64784161
0 0.4544270835 0.599805258 0.4544270835 0.5907172995 0.2486979165 0.5907172995 0.2486979165 0.599805258 0.4544270835 0.599805258
0 0.26519097199999997 0.8799091204999999 0.2721354165 0.8799091204999999 0.2721354165 0.8192145405 0.26519097199999997 0.8192145405 0.26519097199999997 0.8799091204999999
0 0.407986111 0.8442064265 0.407986111 0.8098020125000001 0.40190972199999997 0.8098020125000001 0.40190972199999997 0.8442064265 0.407986111 0.8442064265
0 0.407986111 0.8442064265 0.407986111 0.839987017 0.31987847199999997 0.839987017 0.31987847199999997 0.8442064265 0.407986111 0.8442064265
0 0.3250868055 0.8438818565 0.3250868055 0.828627069 0.3194444445 0.828627069 0.3194444445 0.8438818565 0.3250868055 0.8438818565
0 0.3233506945 0.8318727685 0.349826389 0.8127231420000001 0.345920139 0.8098020125000001 0.3194444445 0.828951639 0.3233506945 0.8318727685
0 0.407986111 0.8136968514999999 0.407986111 0.8094774425000001 0.3463541665 0.8094774425000001 0.3463541665 0.8136968514999999 0.407986111 0.8136968514999999
0 0.400607639 0.7779941575 0.454861111 0.7779941575 0.454861111 0.7724764685 0.400607639 0.7724764685 0.400607639 0.7779941575
0 0.459201389 0.17786433 0.459201389 0.16910094150000002 0.09678819450000001 0.16910094150000002 0.09678819450000001 0.17786433 0.459201389 0.17786433
0 0.459201389 0.406686141 0.459201389 0.16910094150000002 0.447482639 0.16910094150000002 0.447482639 0.406686141 0.459201389 0.406686141
0 0.10850694450000001 0.40636157100000003 0.10850694450000001 0.16910094150000002 0.09678819450000001 0.16910094150000002 0.09678819450000001 0.40636157100000003 0.10850694450000001 0.40636157100000003
0 0.2725694445 0.49432002599999997 0.2725694445 0.398571892 0.26128472199999997 0.398571892 0.26128472199999997 0.49432002599999997 0.2725694445 0.49432002599999997
0 0.4422743055 0.49432002599999997 0.4422743055 0.4858812075 0.26128472199999997 0.4858812075 0.26128472199999997 0.49432002599999997 0.4422743055 0.49432002599999997
0 0.4422743055 0.49432002599999997 0.4422743055 0.398896462 0.4309895835 0.398896462 0.4309895835 0.49432002599999997 0.4422743055 0.49432002599999997
0 0.2721354165 0.40603700099999995 0.2721354165 0.3982473225 0.09678819450000001 0.3982473225 0.09678819450000001 0.40603700099999995 0.2721354165 0.40603700099999995
0 0.459201389 0.406686141 0.459201389 0.398896462 0.4309895835 0.398896462 0.4309895835 0.406686141 0.459201389 0.406686141
0 0.26128472199999997 0.407335281 0.4422743055 0.407335281 0.4422743055 0.398896462 0.26128472199999997 0.398896462 0.26128472199999997 0.407335281
0 0.32378472199999997 0.29438494 0.3333333335 0.29438494 0.3333333335 0.16910094150000002 0.32378472199999997 0.16910094150000002 0.32378472199999997 0.29438494
0 0.459201389 0.299902629 0.459201389 0.29438494 0.32378472199999997 0.29438494 0.32378472199999997 0.299902629 0.459201389 0.299902629
0 0.33159722199999997 0.36611489799999997 0.33159722199999997 0.29438494 0.32378472199999997 0.29438494 0.32378472199999997 0.36611489799999997 0.33159722199999997 0.36611489799999997
0 0.33159722199999997 0.36611489799999997 0.33159722199999997 0.360272639 0.265625 0.360272639 0.265625 0.36611489799999997 0.33159722199999997 0.36611489799999997
0 0.2734375 0.36611489799999997 0.2734375 0.29438494 0.265625 0.29438494 0.265625 0.36611489799999997 0.2734375 0.36611489799999997
0 0.32378472199999997 0.299902629 0.32378472199999997 0.29438494 0.265625 0.29438494 0.265625 0.299902629 0.32378472199999997 0.299902629
0 0.265625 0.29438494 0.2734375 0.29438494 0.2734375 0.26095423549999996 0.265625 0.26095423549999996 0.265625 0.29438494
0 0.2395833335 0.2667964945 0.2734375 0.2667964945 0.2734375 0.26095423549999996 0.2395833335 0.26095423549999996 0.2395833335 0.2667964945
0 0.267361111 0.3099642975 0.267361111 0.26095423549999996 0.2391493055 0.26095423549999996 0.2391493055 0.3099642975 0.267361111 0.3099642975
0 0.2734375 0.3099642975 0.2734375 0.30412203849999997 0.2395833335 0.30412203849999997 0.2395833335 0.3099642975 0.2734375 0.3099642975
0 0.17795138900000002 0.28789354100000003 0.2395833335 0.28789354100000003 0.2395833335 0.283024992 0.17795138900000002 0.283024992 0.17795138900000002 0.28789354100000003
0 0.09678819450000001 0.28756897099999995 0.1393229165 0.28756897099999995 0.1393229165 0.283024992 0.09678819450000001 0.283024992 0.09678819450000001 0.28756897099999995
0 0.3658854165 0.369685167 0.4075520835 0.369685167 0.4075520835 0.3664394675 0.3658854165 0.3664394675 0.3658854165 0.369685167
0 0.4075520835 0.369685167 0.4075520835 0.323271665 0.4032118055 0.323271665 0.4032118055 0.369685167 0.4075520835 0.369685167
0 0.960503472 0.1781888995 0.960503472 0.17039922100000002 0.6002604165000001 0.17039922100000002 0.6002604165000001 0.1781888995 0.960503472 0.1781888995
0 0.960503472 0.407010711 0.960503472 0.17039922100000002 0.9500868055 0.17039922100000002 0.9500868055 0.407010711 0.960503472 0.407010711
0 0.960503472 0.407010711 0.960503472 0.399221032 0.6002604165000001 0.399221032 0.6002604165000001 0.407010711 0.960503472 0.407010711
0 0.6106770834999999 0.407010711 0.6106770834999999 0.17039922100000002 0.6002604165000001 0.17039922100000002 0.6002604165000001 0.407010711 0.6106770834999999 0.407010711
0 0.6002604165000001 0.371957157 0.911892361 0.371957157 0.911892361 0.365790328 0.6002604165000001 0.365790328 0.6002604165000001 0.371957157
0 0.911892361 0.371957157 0.911892361 0.31126257700000004 0.9036458334999999 0.31126257700000004 0.9036458334999999 0.371957157 0.911892361 0.371957157
0 0.89453125 0.407010711 0.9010416665000001 0.407010711 0.9010416665000001 0.365790328 0.89453125 0.365790328 0.89453125 0.407010711
0 0.861111111 0.371957157 0.861111111 0.28756897099999995 0.8541666665000001 0.28756897099999995 0.8541666665000001 0.371957157 0.861111111 0.371957157
0 0.861111111 0.29276209 0.861111111 0.28756897099999995 0.7408854165000001 0.28756897099999995 0.7408854165000001 0.29276209 0.861111111 0.29276209
0 0.747829861 0.371957157 0.747829861 0.28756897099999995 0.7408854165000001 0.28756897099999995 0.7408854165000001 0.371957157 0.747829861 0.371957157
0 0.7408854165000001 0.31126257700000004 0.7743055555 0.31126257700000004 0.7743055555 0.306069458 0.7408854165000001 0.306069458 0.7408854165000001 0.31126257700000004
0 0.7743055555 0.31126257700000004 0.7743055555 0.26095423549999996 0.7413194445 0.26095423549999996 0.7413194445 0.31126257700000004 0.7743055555 0.31126257700000004
0 0.7743055555 0.26614735500000003 0.7743055555 0.26095423549999996 0.714409722 0.26095423549999996 0.714409722 0.26614735500000003 0.7743055555 0.26614735500000003
0 0.7213541665000001 0.265822785 0.7213541665000001 0.22590068149999998 0.714409722 0.22590068149999998 0.714409722 0.265822785 0.7213541665000001 0.265822785
0 0.7213541665000001 0.2314183705 0.7213541665000001 0.2262252515 0.6866319445 0.2262252515 0.6866319445 0.2314183705 0.7213541665000001 0.2314183705
0 0.650607639 0.25835767600000004 0.690972222 0.229795521 0.6861979165000001 0.22590068149999998 0.6453993055 0.2547874065 0.650607639 0.25835767600000004
0 0.650173611 0.258682246 0.650173611 0.253489127 0.599826389 0.253489127 0.599826389 0.258682246 0.650173611 0.258682246
0 0.7213541665000001 0.2314183705 0.773003472 0.2314183705 0.773003472 0.2262252515 0.7213541665000001 0.2262252515 0.7213541665000001 0.2314183705
0 0.773003472 0.23109380049999997 0.773003472 0.170074651 0.766059028 0.170074651 0.766059028 0.23109380049999997 0.773003472 0.23109380049999997