0 0.02075 0.58 0.01575 0.636
0 0.025 0.15475 0.02425 0.215
0 0.08275 0.06225 0.13975 0.0305
0 0.42725 0.05625 0.549 0.01825
0 0.68875 0.387 0.02575 0.6795
0 0.68925 0.77475 0.01 0.09525
0 0.68875 0.83825 0.02575 0.0315
0 0.45 0.84375 0.50325 0.02025
0 0.20625 0.86625 0.01675 0.065
0 0.114 0.888 0.20225 0.02125
0 0.7675 0.84475 0.183 0.01825
0 0.0895 0.69175 0.153 0.00925
0 0.16025 0.4715 0.01175 0.44825
0 0.0895 0.255 0.153 0.01525
0 0.1585 0.15525 0.01425 0.215
0 0.0625 0.289 0.0675 0.05375
0 0.515 0.42 0.3735 0.01025
0 0.33275 0.23625 0.00825 0.37725
0 0.17925 0.09775 0.02825 0.065
0 0.812 0.52375 0.0265 0.01825
0 0.7035 0.52375 0.055 0.01825