0 0.16192411899999998 0.0411214955 0.16192411899999998 0.055140187 0.867208672 0.055140187 0.867208672 0.0411214955 0.16192411899999998 0.0411214955
0 0.8570460705 0.0411214955 0.8570460705 0.763551402 0.867208672 0.763551402 0.867208672 0.0411214955 0.8570460705 0.0411214955
0 0.461382114 0.7504672895 0.461382114 0.763551402 0.867208672 0.763551402 0.867208672 0.7504672895 0.461382114 0.7504672895
0 0.461382114 0.7504672895 0.461382114 0.9607476635000001 0.4708672085 0.9607476635000001 0.4708672085 0.7504672895 0.461382114 0.7504672895
0 0.3604336045 0.9476635515 0.3604336045 0.9607476635000001 0.4708672085 0.9607476635000001 0.4708672085 0.9476635515 0.3604336045 0.9476635515
0 0.0589430895 0.940186916 0.0589430895 0.9607476635000001 0.3597560975 0.9607476635000001 0.3597560975 0.940186916 0.0589430895 0.940186916
0 0.0589430895 0.3794392525 0.0589430895 0.9607476635000001 0.0684281845 0.9607476635000001 0.0684281845 0.3794392525 0.0589430895 0.3794392525
0 0.0589430895 0.3794392525 0.0589430895 0.40747663549999996 0.171409214 0.40747663549999996 0.171409214 0.3794392525 0.0589430895 0.3794392525
0 0.16192411899999998 0.0411214955 0.16192411899999998 0.40747663549999996 0.171409214 0.40747663549999996 0.171409214 0.0411214955 0.16192411899999998 0.0411214955
0 0.16192411899999998 0.0411214955 0.0589430895 0.0411214955 0.0589430895 0.0542056075 0.16192411899999998 0.0542056075 0.16192411899999998 0.0411214955
0 0.171409214 0.395327103 0.171409214 0.40747663549999996 0.49254742549999997 0.40747663549999996 0.49254742549999997 0.395327103 0.171409214 0.395327103
0 0.3604336045 0.5757009345 0.35162601649999997 0.5757009345 0.35162601649999997 0.9476635515 0.3604336045 0.9476635515 0.3604336045 0.5757009345
0 0.35162601649999997 0.5757009345 0.35162601649999997 0.5878504675 0.461382114 0.5878504675 0.461382114 0.5757009345 0.35162601649999997 0.5757009345
0 0.400406504 0.40747663549999996 0.39159891599999996 0.40747663549999996 0.39159891599999996 0.5757009345 0.400406504 0.5757009345 0.400406504 0.40747663549999996
0 0.0684281845 0.6710280375 0.0684281845 0.6831775699999999 0.3509485095 0.6831775699999999 0.3509485095 0.6710280375 0.0684281845 0.6710280375
0 0.461382114 0.7700934580000001 0.3604336045 0.7700934580000001 0.3604336045 0.7822429905 0.461382114 0.7822429905 0.461382114 0.7700934580000001
0 0.460704607 0.7822429905 0.443089431 0.7822429905 0.443089431 0.8345794395 0.460704607 0.8345794395 0.460704607 0.7822429905
0 0.469512195 0.6710280375 0.460704607 0.671962617 0.461382114 0.7504672895 0.4708672085 0.7504672895 0.469512195 0.6710280375
0 0.58401084 0.055140187 0.5745257455 0.055140187 0.5745257455 0.7504672895 0.58401084 0.7504672895 0.58401084 0.055140187
0 0.8570460705 0.3242990655 0.58401084 0.3242990655 0.58401084 0.33738317749999996 0.8570460705 0.33738317749999996 0.8570460705 0.3242990655
0 0.6849593495 0.598130841 0.58401084 0.598130841 0.58401084 0.6392523364999999 0.6849593495 0.6392523364999999 0.6849593495 0.598130841
0 0.8570460705 0.598130841 0.6849593495 0.598130841 0.6849593495 0.6112149535 0.8570460705 0.6112149535 0.8570460705 0.598130841
0 0.6754742545 0.598130841 0.6754742545 0.7504672895 0.6849593495 0.7504672895 0.6849593495 0.598130841 0.6754742545 0.598130841