0 0.4425 0.16725 0.79225 0.0335
0 0.83375 0.368 0.0105 0.43525
0 0.66275 0.57725 0.3525 0.01725
0 0.301 0.7925 0.39025 0.01825
0 0.07625 0.79975 0.0595 0.03275
0 0.05525 0.48325 0.01775 0.66575
0 0.332 0.26175 0.027 0.22275
0 0.3225 0.47925 0.00825 0.21325
0 0.361 0.58075 0.08525 0.0105
0 0.40075 0.68875 0.0065 0.22675
0 0.49125 0.6555 0.01 0.17375
0 0.447 0.61725 0.099 0.0105
0 0.3225 0.588 0.00825 0.00375
0 0.1865 0.48425 0.28025 0.01625
0 0.40725 0.3675 0.17775 0.0105
0 0.4905 0.26175 0.01125 0.22275
0 0.8955 0.16725 0.113 0.0335
0 0.8955 0.57725 0.113 0.01725
0 0.4815 0.77175 0.0295 0.0595