0 0.2685894545 0.2583087925 0.2685894545 0.26630206149999996 0.5786390265 0.26630206149999996 0.5786390265 0.2583087925 0.2685894545 0.2583087925
0 0.570076611 0.2583087925 0.570076611 0.7042490535 0.5786390265 0.7042490535 0.5786390265 0.2583087925 0.570076611 0.2583087925
0 0.2685894545 0.6937315945 0.2685894545 0.7042490535 0.5786390265 0.7042490535 0.5786390265 0.6937315945 0.2685894545 0.6937315945
0 0.2685894545 0.6790071520000001 0.2685894545 0.7042490535 0.2915727805 0.7042490535 0.2915727805 0.6790071520000001 0.2685894545 0.6790071520000001
0 0.2843623255 0.257888094 0.2681388015 0.257888094 0.2681388015 0.6785864534999999 0.2843623255 0.6785864534999999 0.2843623255 0.257888094
0 0.442992339 0.5649978965 0.439837765 0.5649978965 0.439837765 0.67942785 0.442992339 0.67942785 0.442992339 0.5649978965
0 0.439837765 0.4164913755 0.439837765 0.5246108540000001 0.442992339 0.5246108540000001 0.442992339 0.4164913755 0.439837765 0.4164913755
0 0.439837765 0.5212452670000001 0.439837765 0.5241901554999999 0.470482199 0.5241901554999999 0.470482199 0.5212452670000001 0.439837765 0.5212452670000001
0 0.556106354 0.5927639880000001 0.439837765 0.5927639880000001 0.439837765 0.59486748 0.556106354 0.59486748 0.556106354 0.5927639880000001
0 0.44885083350000005 0.67942785 0.439837765 0.67942785 0.439837765 0.7042490535 0.44885083350000005 0.7042490535 0.44885083350000005 0.67942785
0 0.442992339 0.636937316 0.2685894545 0.636937316 0.2685894545 0.639461506 0.442992339 0.639461506 0.442992339 0.636937316
0 0.3632266785 0.636937316 0.360522758 0.636937316 0.360522758 0.7042490535 0.3632266785 0.7042490535 0.3632266785 0.636937316
0 0.2681388015 0.5523769455 0.2681388015 0.564577198 0.31635872 0.564577198 0.31635872 0.5523769455 0.2681388015 0.5523769455
0 0.369535827 0.552797644 0.3168093735 0.552797644 0.3168093735 0.555321834 0.369535827 0.555321834 0.369535827 0.552797644
0 0.16584046849999998 0.5704669750000001 0.16584046849999998 0.5767774505 0.2681388015 0.5767774505 0.2681388015 0.5704669750000001 0.16584046849999998 0.5704669750000001
0 0.16584046849999998 0.48674800149999997 0.16584046849999998 0.5767774505 0.170347003 0.5767774505 0.170347003 0.48674800149999997 0.16584046849999998 0.48674800149999997
0 0.16584046849999998 0.48674800149999997 0.16584046849999998 0.4926377785 0.2681388015 0.4926377785 0.2681388015 0.48674800149999997 0.16584046849999998 0.48674800149999997
0 0.5786390265 0.580563736 0.556106354 0.580563736 0.556106354 0.59486748 0.5786390265 0.59486748 0.5786390265 0.580563736
0 0.6223524109999999 0.257467396 0.6223524109999999 0.2654606645 0.931500676 0.2654606645 0.931500676 0.257467396 0.6223524109999999 0.257467396
0 0.9238395675000001 0.257467396 0.9238395675000001 0.610012621 0.931500676 0.610012621 0.931500676 0.257467396 0.9238395675000001 0.257467396
0 0.9170797655 0.6095919225 0.9170797655 0.7017248635 0.931500676 0.7017248635 0.931500676 0.6095919225 0.9170797655 0.6095919225
0 0.84182064 0.689945309 0.84182064 0.7021455615 0.931500676 0.7021455615 0.931500676 0.689945309 0.84182064 0.689945309
0 0.84182064 0.694152293 0.6223524109999999 0.694152293 0.6223524109999999 0.7021455615 0.84182064 0.7021455615 0.84182064 0.694152293
0 0.6223524109999999 0.257467396 0.6223524109999999 0.7021455615 0.6304641729999999 0.7021455615 0.6304641729999999 0.257467396 0.6223524109999999 0.257467396
0 0.892293826 0.549011359 0.6223524109999999 0.549011359 0.6223524109999999 0.5515355489999999 0.892293826 0.5515355489999999 0.892293826 0.549011359
0 0.655700766 0.5515355489999999 0.6286615594999999 0.5515355489999999 0.6286615594999999 0.565418595 0.655700766 0.565418595 0.655700766 0.5515355489999999
0 0.7868409195 0.549011359 0.769265435 0.549011359 0.769265435 0.559528818 0.7868409195 0.559528818 0.7868409195 0.549011359
0 0.7719693555 0.559528818 0.769265435 0.559528818 0.769265435 0.7021455615 0.7719693555 0.7021455615 0.7719693555 0.559528818
0 0.865254619 0.610012621 0.865254619 0.6159023979999999 0.931500676 0.6159023979999999 0.931500676 0.610012621 0.865254619 0.610012621
0 0.865254619 0.610012621 0.84182064 0.6432477915 0.846777828 0.64619268 0.870211807 0.6129575095 0.865254619 0.610012621
0 0.84182064 0.6432477915 0.84182064 0.7021455615 0.8476791345 0.7021455615 0.8476791345 0.6432477915 0.84182064 0.6432477915
0 0.931500676 0.5279764410000001 0.892293826 0.5279764410000001 0.892293826 0.5515355489999999 0.931500676 0.5515355489999999 0.931500676 0.5279764410000001
0 0.6390265885 0.447202356 0.6223524109999999 0.447202356 0.6223524109999999 0.4640302905 0.6390265885 0.4640302905 0.6390265885 0.447202356
0 0.836863452 0.460244005 0.6390265885 0.460244005 0.6390265885 0.4640302905 0.836863452 0.4640302905 0.836863452 0.460244005
0 0.8341595315 0.460244005 0.8341595315 0.5515355489999999 0.836863452 0.5515355489999999 0.836863452 0.460244005 0.8341595315 0.460244005
0 0.931500676 0.48674800149999997 0.836863452 0.48674800149999997 0.836863452 0.489272192 0.931500676 0.489272192 0.931500676 0.48674800149999997
0 0.7728706625 0.257467396 0.770166742 0.257467396 0.770166742 0.46150610000000003 0.7728706625 0.46150610000000003 0.7728706625 0.257467396