0 0.301857585 0.109078114 0.301857585 0.6819141449999999 0.3123065015 0.6819141449999999 0.3123065015 0.109078114 0.301857585 0.109078114
0 0.13003096 0.6650246304999999 0.13003096 0.852216749 0.1397058825 0.852216749 0.1397058825 0.6650246304999999 0.13003096 0.6650246304999999
0 0.0433436535 0.833216045 0.0433436535 0.851513019 0.1393188855 0.851513019 0.1393188855 0.833216045 0.0433436535 0.833216045
0 0.09404024750000001 0.5735397605000001 0.08823529399999999 0.5735397605000001 0.08823529399999999 0.6903589019999999 0.09404024750000001 0.6903589019999999 0.09404024750000001 0.5735397605000001
0 0.0433436535 0.6798029555 0.0433436535 0.852216749 0.049148607 0.852216749 0.049148607 0.6798029555 0.0433436535 0.6798029555
0 0.0433436535 0.6798029555 0.0433436535 0.6903589019999999 0.09404024750000001 0.6903589019999999 0.09404024750000001 0.6798029555 0.0433436535 0.6798029555
0 0.1397058825 0.6650246304999999 0.08823529399999999 0.6650246304999999 0.08823529399999999 0.676284307 0.1397058825 0.676284307 0.1397058825 0.6650246304999999
0 0.2356811145 0.6650246304999999 0.2356811145 0.6826178745 0.3123065015 0.6826178745 0.3123065015 0.6650246304999999 0.2356811145 0.6650246304999999
0 0.2356811145 0.6650246304999999 0.13003096 0.6650246304999999 0.13003096 0.6826178745 0.2356811145 0.6826178745 0.2356811145 0.6650246304999999
0 0.052631579000000005 0.109078114 0.0433436535 0.109078114 0.0433436535 0.299788881 0.052631579000000005 0.299788881 0.052631579000000005 0.109078114
0 0.19620743049999997 0.108374384 0.19620743049999997 0.2990851515 0.2035603715 0.2990851515 0.2035603715 0.108374384 0.19620743049999997 0.108374384
0 0.2356811145 0.2800844475 0.2356811145 0.6826178745 0.24303405549999998 0.6826178745 0.24303405549999998 0.2800844475 0.2356811145 0.2800844475
0 0.049148607 0.5073891625 0.0433436535 0.5073891625 0.0433436535 0.6790992260000001 0.049148607 0.6790992260000001 0.049148607 0.5073891625
0 0.049148607 0.497536946 0.049148607 0.5080928925 0.09404024750000001 0.5080928925 0.09404024750000001 0.497536946 0.049148607 0.497536946
0 0.09442724450000001 0.3870513725 0.0433436535 0.3870513725 0.0433436535 0.39831104850000004 0.09442724450000001 0.39831104850000004 0.09442724450000001 0.3870513725
0 0.09442724450000001 0.2892329345 0.0913312695 0.2892329345 0.0913312695 0.399718508 0.09442724450000001 0.399718508 0.09442724450000001 0.2892329345
0 0.087848297 0.39831104850000004 0.08746130049999999 0.5073891625 0.09404024750000001 0.5080928925 0.09442724450000001 0.3990147785 0.087848297 0.39831104850000004
0 0.049148607 0.39831104850000004 0.0433436535 0.39831104850000004 0.0433436535 0.5080928925 0.049148607 0.5080928925 0.049148607 0.39831104850000004
0 0.053405573 0.299788881 0.0433436535 0.299788881 0.0433436535 0.39831104850000004 0.053405573 0.39831104850000004 0.053405573 0.299788881
0 0.09442724450000001 0.2892329345 0.0433436535 0.2892329345 0.0433436535 0.299788881 0.09442724450000001 0.299788881 0.09442724450000001 0.2892329345
0 0.0433436535 0.109078114 0.0433436535 0.13652357499999998 0.12732198150000001 0.13652357499999998 0.12732198150000001 0.109078114 0.0433436535 0.109078114
0 0.3123065015 0.109078114 0.12732198150000001 0.109078114 0.12732198150000001 0.13652357499999998 0.3123065015 0.13652357499999998 0.3123065015 0.109078114
0 0.12732198150000001 0.2800844475 0.09171826649999999 0.2800844475 0.09171826649999999 0.299788881 0.12732198150000001 0.299788881 0.12732198150000001 0.2800844475
0 0.1269349845 0.108374384 0.1269349845 0.27938071800000003 0.132739938 0.27938071800000003 0.132739938 0.109078114 0.1269349845 0.108374384
0 0.230263158 0.2800844475 0.229876161 0.294159043 0.3123065015 0.2955665025 0.3123065015 0.2807881775 0.230263158 0.2800844475
0 0.2035603715 0.2800844475 0.12732198150000001 0.2800844475 0.12732198150000001 0.299788881 0.2035603715 0.299788881 0.2035603715 0.2800844475
0 0.19620743049999997 0.2800844475 0.19620743049999997 0.299788881 0.24303405549999998 0.299788881 0.24303405549999998 0.2800844475 0.19620743049999997 0.2800844475
0 0.343653251 0.108374384 0.343653251 0.1323011965 0.6126160989999999 0.1323011965 0.6126160989999999 0.108374384 0.343653251 0.108374384
0 0.605263158 0.108374384 0.605263158 0.6875439830000001 0.6126160989999999 0.6875439830000001 0.6126160989999999 0.108374384 0.605263158 0.108374384
0 0.4369195045 0.6657283605000001 0.4369195045 0.6875439830000001 0.6126160989999999 0.6875439830000001 0.6126160989999999 0.6657283605000001 0.4369195045 0.6657283605000001
0 0.343653251 0.8353272345 0.343653251 0.857142857 0.45356037149999995 0.857142857 0.45356037149999995 0.8353272345 0.343653251 0.8353272345
0 0.343653251 0.108374384 0.343653251 0.857142857 0.354102167 0.857142857 0.354102167 0.108374384 0.343653251 0.108374384
0 0.398606811 0.5460942999999999 0.392027864 0.5460942999999999 0.392027864 0.766361717 0.398606811 0.766361717 0.398606811 0.5460942999999999
0 0.4369195045 0.6657283605000001 0.4369195045 0.766361717 0.45356037149999995 0.766361717 0.45356037149999995 0.6657283605000001 0.4369195045 0.6657283605000001
0 0.45356037149999995 0.766361717 0.439628483 0.766361717 0.439628483 0.857142857 0.45356037149999995 0.857142857 0.45356037149999995 0.766361717
0 0.392027864 0.7558057705 0.392027864 0.7656579875 0.45356037149999995 0.7656579875 0.45356037149999995 0.7558057705 0.392027864 0.7558057705
0 0.6126160989999999 0.4166080225 0.4450464395 0.4166080225 0.4450464395 0.42434904999999995 0.6126160989999999 0.42434904999999995 0.6126160989999999 0.4166080225
0 0.4411764705 0.5299085149999999 0.4365325075 0.5299085149999999 0.4365325075 0.6868402535 0.4411764705 0.6868402535 0.4411764705 0.5299085149999999
0 0.4369195045 0.530612245 0.4369195045 0.5404644614999999 0.492647059 0.5404644614999999 0.492647059 0.530612245 0.4369195045 0.530612245
0 0.49690402499999997 0.4166080225 0.492647059 0.4166080225 0.492647059 0.530612245 0.49690402499999997 0.530612245 0.49690402499999997 0.4166080225
0 0.49690402499999997 0.530612245 0.487616099 0.530612245 0.487616099 0.6875439830000001 0.49690402499999997 0.6875439830000001 0.49690402499999997 0.530612245
0 0.6126160989999999 0.6875439830000001 0.6021671825 0.6875439830000001 0.6021671825 0.857142857 0.6126160989999999 0.857142857 0.6126160989999999 0.6875439830000001
0 0.9020897834999999 0.10626319499999999 0.9020897834999999 0.688247713 0.9156346750000001 0.688247713 0.9156346750000001 0.10626319499999999 0.9020897834999999 0.10626319499999999
0 0.7321981425 0.6643209010000001 0.7321981425 0.857142857 0.73877709 0.857142857 0.73877709 0.6643209010000001 0.7321981425 0.6643209010000001
0 0.6400928794999999 0.8353272345 0.6400928794999999 0.857142857 0.73877709 0.857142857 0.73877709 0.8353272345 0.6400928794999999 0.8353272345
0 0.640479876 0.105559465 0.640479876 0.130190007 0.767027864 0.130190007 0.767027864 0.105559465 0.640479876 0.105559465
0 0.9156346750000001 0.10626319499999999 0.767027864 0.10626319499999999 0.767027864 0.13089373699999998 0.9156346750000001 0.13089373699999998 0.9156346750000001 0.10626319499999999
0 0.7724458205 0.412385644 0.640479876 0.412385644 0.640479876 0.4229415905 0.7724458205 0.4229415905 0.7724458205 0.412385644
0 0.767027864 0.10626319499999999 0.767027864 0.4229415905 0.7724458205 0.4229415905 0.7724458205 0.10626319499999999 0.767027864 0.10626319499999999
0 0.8041795665 0.6643209010000001 0.8041795665 0.688247713 0.9156346750000001 0.688247713 0.9156346750000001 0.6643209010000001 0.8041795665 0.6643209010000001
0 0.8041795665 0.6643209010000001 0.7321981425 0.6643209010000001 0.7321981425 0.688247713 0.8041795665 0.688247713 0.8041795665 0.6643209010000001
0 0.6946594425 0.411681914 0.689628483 0.411681914 0.689628483 0.5446868405 0.6946594425 0.5446868405 0.6946594425 0.411681914
0 0.6400928794999999 0.5355383535 0.6400928794999999 0.5446868405 0.6946594425 0.5446868405 0.6946594425 0.5355383535 0.6400928794999999 0.5355383535
0 0.738003096 0.5010555945 0.7321981425 0.5010555945 0.7321981425 0.691062632 0.738003096 0.691062632 0.738003096 0.5010555945
0 0.7321981425 0.500351865 0.7321981425 0.509500352 0.8111455110000001 0.509500352 0.8111455110000001 0.500351865 0.7321981425 0.500351865
0 0.8041795665 0.41449683299999995 0.8041795665 0.5102040815 0.8111455110000001 0.5102040815 0.8111455110000001 0.41449683299999995 0.8041795665 0.41449683299999995
0 0.640479876 0.10626319499999999 0.640479876 0.4229415905 0.6536377710000001 0.4229415905 0.6536377710000001 0.10626319499999999 0.640479876 0.10626319499999999
0 0.640479876 0.4222378605 0.6400928794999999 0.857142857 0.648993808 0.857142857 0.6493808050000001 0.4229415905 0.640479876 0.4222378605
0 0.8111455110000001 0.41449683299999995 0.767027864 0.41449683299999995 0.767027864 0.4229415905 0.8111455110000001 0.4229415905 0.8111455110000001 0.41449683299999995
0 0.9156346750000001 0.41449683299999995 0.8111455110000001 0.41449683299999995 0.8111455110000001 0.4229415905 0.9156346750000001 0.4229415905 0.9156346750000001 0.41449683299999995
0 0.8111455110000001 0.5010555945 0.7995356035 0.5010555945 0.7995356035 0.688247713 0.8111455110000001 0.688247713 0.8111455110000001 0.5010555945
0 0.7527089785 0.8353272345 0.73877709 0.8353272345 0.73877709 0.857142857 0.7527089785 0.857142857 0.7527089785 0.8353272345