0 0.0268481475 0.190082682 0.9677006454999999 0.1812927305 0.9665333349999999 0.159317854 0.0245135265 0.1670090615 0.0268481475 0.190082682
0 0.3105 0.396 0.55325 0.00775
0 0.318 0.28775 0.06425 0.011
0 0.17575 0.544 0.28125 0.011
0 0.3595 0.502 0.112 0.01325
0 0.37175 0.607 0.14125 0.012
0 0.618 0.5385 0.0945 0.011
0 0.64675 0.652 0.15175 0.012
0 0.896 0.64875 0.1435 0.012
0 0.23475 0.724 0.42725 0.00875
0 0.5165 0.829 0.1645 0.01
0 0.023346216 0.9734870284999999 0.9653660245 0.9635983340000001 0.9688679560000001 0.9405247135 0.023346216 0.951512152 0.023346216 0.9734870284999999
0 0.439 0.8905 0.00925 0.11525
0 0.59175 0.891 0.01175 0.1165
0 0.02925 0.8405 0.01625 0.222
0 0.43775 0.77575 0.01175 0.088
0 0.95725 0.79875 0.02325 0.28125
0 0.4365 0.562 0.01175 0.0735
0 0.20475 0.46975 0.0175 0.13075
0 0.0485 0.29 0.0315 0.211
0 0.58125 0.28575 0.014 0.20225
0 0.71975 0.624 0.01525 0.044
0 0.5785 0.595 0.0105 0.1