0 0.138 0.9535 0.2065 0.021
0 0.2345 0.85025 0.01375 0.2275
0 0.33025 0.7435 0.2055 0.0135
0 0.42675 0.8105 0.01325 0.14725
0 0.70125 0.87375 0.563 0.02025
0 0.976 0.5035 0.01325 0.7605
0 0.7545 0.13325 0.45625 0.02025
0 0.533 0.178 0.01325 0.1095
0 0.38325 0.223 0.313 0.02025
0 0.23375 0.4815 0.01425 0.5375
0 0.0395 0.73375 0.01725 0.4595
0 0.12925 0.51425 0.196 0.02025
0 0.0805 0.37125 0.09975 0.00675
0 0.12825 0.29325 0.0045 0.163
0 0.08075 0.21475 0.09925 0.00675
0 0.033 0.29325 0.005 0.163
0 0.42775 0.66925 0.01125 0.1345
0 0.70225 0.6085 0.561 0.01275
0 0.337 0.6085 0.1925 0.01275
0 0.349 0.66925 0.0095 0.1345
0 0.3585 0.4175 0.0095 0.36925
0 0.297 0.36825 0.1135 0.01425
0 0.45225 0.44325 0.17825 0.01425
0 0.537 0.401 0.0095 0.099
0 0.61375 0.739 0.0085 0.2485
0 0.738 0.739 0.0085 0.2485
0 0.82525 0.739 0.0085 0.2485
0 0.823 0.327 0.0085 0.367
0 0.89825 0.444 0.14225 0.01275
0 0.88675 0.53275 0.0075 0.1645