0 0.726479751 0.072965388 0.726479751 0.046772685 0.0373831775 0.046772685 0.0373831775 0.072965388 0.726479751 0.072965388
0 0.0548286605 0.9027128155 0.0548286605 0.046772685 0.0373831775 0.046772685 0.0373831775 0.9027128155 0.0548286605 0.9027128155
0 0.353894081 0.9027128155 0.353894081 0.8877455565 0.0373831775 0.8877455565 0.0373831775 0.9027128155 0.353894081 0.9027128155
0 0.353894081 0.9027128155 0.353894081 0.686623012 0.336448598 0.686623012 0.336448598 0.9027128155 0.353894081 0.9027128155
0 0.26105919 0.2432179605 0.2704049845 0.2432179605 0.2704049845 0.046772685 0.26105919 0.046772685 0.26105919 0.2432179605
0 0.26105919 0.901777362 0.26915887850000003 0.901777362 0.26915887850000003 0.242282507 0.26105919 0.242282507 0.26105919 0.901777362
0 0.26105919 0.2432179605 0.353894081 0.2432179605 0.353894081 0.22918615550000002 0.26105919 0.22918615550000002 0.26105919 0.2432179605
0 0.353894081 0.2432179605 0.353894081 0.046772685 0.3457943925 0.046772685 0.3457943925 0.2432179605 0.353894081 0.2432179605
0 0.3457943925 0.3395696915 0.353894081 0.3395696915 0.353894081 0.2432179605 0.3457943925 0.2432179605 0.3457943925 0.3395696915
0 0.474143302 0.3395696915 0.474143302 0.3274087935 0.3457943925 0.3274087935 0.3457943925 0.3395696915 0.474143302 0.3395696915
0 0.474143302 0.3395696915 0.474143302 0.2432179605 0.4660436135 0.2432179605 0.4660436135 0.3395696915 0.474143302 0.3395696915
0 0.45732087250000003 0.2432179605 0.474143302 0.2432179605 0.474143302 0.046772685 0.45732087250000003 0.046772685 0.45732087250000003 0.2432179605
0 0.0373831775 0.3395696915 0.26915887850000003 0.3395696915 0.26915887850000003 0.3274087935 0.0373831775 0.3274087935 0.0373831775 0.3395696915
0 0.0373831775 0.5509822265000001 0.26915887850000003 0.5509822265000001 0.26915887850000003 0.5388213285000001 0.0373831775 0.5388213285000001 0.0373831775 0.5509822265000001
0 0.3919003115 0.732460243 0.3919003115 0.481758653 0.38130841099999996 0.481758653 0.38130841099999996 0.732460243 0.3919003115 0.732460243
0 0.3919003115 0.496725912 0.3919003115 0.481758653 0.336448598 0.481758653 0.336448598 0.496725912 0.3919003115 0.496725912
0 0.3912772585 0.7315247895 0.3912772585 0.6856875585000001 0.335825545 0.6856875585000001 0.335825545 0.7315247895 0.3912772585 0.7315247895
0 0.3919003115 0.732460243 0.726479751 0.732460243 0.726479751 0.7193638915 0.3919003115 0.7193638915 0.3919003115 0.732460243
0 0.120872274 0.788587465 0.26915887850000003 0.788587465 0.26915887850000003 0.776426567 0.120872274 0.776426567 0.120872274 0.788587465
0 0.0373831775 0.788587465 0.0822429905 0.788587465 0.0822429905 0.776426567 0.0373831775 0.776426567 0.0373831775 0.788587465
0 0.140186916 0.8615528530000001 0.14766355150000002 0.8615528530000001 0.14766355150000002 0.776426567 0.140186916 0.776426567 0.140186916 0.8615528530000001
0 0.140186916 0.9027128155 0.184423676 0.9027128155 0.184423676 0.8615528530000001 0.140186916 0.8615528530000001 0.140186916 0.9027128155
0 0.7258566980000001 0.7315247895 0.7258566980000001 0.046772685 0.7084112149999999 0.046772685 0.7084112149999999 0.7315247895 0.7258566980000001 0.7315247895
0 0.7084112149999999 0.7895229184999999 0.7258566980000001 0.7895229184999999 0.7258566980000001 0.732460243 0.7084112149999999 0.732460243 0.7084112149999999 0.7895229184999999
0 0.9601246105 0.7895229184999999 0.9601246105 0.776426567 0.7084112149999999 0.776426567 0.7084112149999999 0.7895229184999999 0.9601246105 0.7895229184999999
0 0.3919003115 0.496725912 0.42928348899999996 0.496725912 0.42928348899999996 0.481758653 0.3919003115 0.481758653 0.3919003115 0.496725912