0 0.53775 0.5435 0.02625 0.74725
0 0.3455 0.177 0.41025 0.01425
0 0.097 0.16425 0.086 0.0395
0 0.07075 0.31175 0.03325 0.3345
0 0.07275 0.57625 0.038 0.21325
0 0.30225 0.89175 0.497 0.0505
0 0.07125 0.8 0.0345 0.23425
0 0.142 0.676 0.17575 0.0135
0 0.22475 0.768 0.0095 0.19725
0 0.22625 0.62925 0.0065 0.107
0 0.2345 0.502 0.02325 0.1475
0 0.2315 0.42925 0.022 0.02525
0 0.23325 0.43525 0.0255 0.0135
0 0.339 0.43775 0.18575 0.00925
0 0.442 0.4465 0.0195 0.026
0 0.488 0.43775 0.0725 0.00925
0 0.443 0.5355 0.0065 0.15175
0 0.48225 0.6065 0.085 0.00925
0 0.13875 0.47425 0.16925 0.00925
0 0.22375 0.30025 0.0065 0.2325
0 0.15375 0.32775 0.133 0.00925
0 0.768 0.89375 0.377 0.03275
0 0.95 0.679 0.013 0.4625
0 0.94575 0.42975 0.022 0.0355
0 0.903 0.42125 0.1075 0.0185
0 0.8565 0.3 0.01425 0.26025
0 0.75475 0.17825 0.218 0.01675
0 0.61275 0.171 0.0665 0.03125
0 0.90075 0.68275 0.0855 0.0085
0 0.86075 0.778 0.00525 0.19875
0 0.80125 0.82175 0.1135 0.00925
0 0.74825 0.847 0.0065 0.05975
0 0.785 0.773 0.0065 0.08925
0 0.72525 0.42575 0.24825 0.00925
0 0.5905 0.39725 0.022 0.4845
0 0.58825 0.77475 0.01775 0.2705
0 0.57775 0.8935 0.0035 0.03275